1  1   5.00000   7.00000   0.42349   0.70693
2  2   5.00000   9.00000   0.61336   0.55867
3  3   5.00000  11.00000   0.14818   0.54820
4  4   4.00000   7.00000   0.03833   0.66276
5  5   3.00000   4.00000   0.71834   0.93757
6  6   2.00000   4.00000   0.11585   0.85644
7  7   1.00000   4.00000  -0.43496   0.90605
8  8   1.00000   4.00000  -0.43496   0.90605
9  9   2.00000   8.00000  -0.47657   0.66548
10  10   4.00000   8.00000   0.18528   0.60853
11  11   2.00000   4.00000   0.11585   0.85644
12  12   9.00000  12.00000   0.83101   0.52674
13  13   2.00000   4.00000   0.11585   0.85644
14  14   6.00000  11.00000   0.49377   0.57553
15  15   4.00000   8.00000   0.18528   0.60853
16  16   3.00000   7.00000  -0.31625   0.66573
17  17   5.00000  12.00000  -0.04255   0.50636
18  18   1.00000  11.00000  -1.38325   0.89505
19  19   2.00000   2.00000   1.54940   1.50020
20  20   3.00000  12.00000  -0.56928   0.58069
21  21   2.00000   4.00000   0.11585   0.85644
22  22   5.00000  11.00000   0.19176   0.57316
23  23   2.00000   8.00000  -0.47657   0.66548
24  24   6.00000  11.00000   0.42484   0.53133
25  25   3.00000  11.00000  -0.47229   0.61559
26  26   0.00000   8.00000  -1.65639   1.18146
27  27   1.00000  12.00000  -1.45095   0.85441
28  28   1.00000   7.00000  -1.23203   0.88332
29  29   7.00000  12.00000   0.39687   0.48957
30  30   4.00000   8.00000   0.18528   0.60853
31  31   4.00000   7.00000   0.03833   0.66276
32  32   2.00000   4.00000   0.11585   0.85644
33  33   6.00000   7.00000   0.91180   0.83083
34  34   0.00000   4.00000  -1.16455   1.22166
35  35  10.00000  12.00000   1.08912   0.58255
36  36   2.00000   4.00000   0.11585   0.85644
37  37   1.00000   4.00000  -0.43496   0.90605
38  38   5.00000  12.00000  -0.04255   0.50636
39  39   2.00000   9.00000  -0.26719   0.64538
40  40   4.00000   4.00000   1.61043   1.33504
41  41   5.00000   7.00000   0.42349   0.70693
42  42   2.00000   4.00000   0.11585   0.85644
43  43   1.00000   4.00000  -0.43496   0.90605
44  44   0.00000   9.00000  -1.40984   1.14518
45  45   5.00000   7.00000   0.42349   0.70693
46  46   4.00000  11.00000  -0.10851   0.58687
47  47   5.00000   7.00000   0.42349   0.70693
48  48   5.00000   7.00000   0.42349   0.70693
49  49   6.00000  12.00000   0.18308   0.49224
50  50   4.00000  11.00000  -0.10851   0.58687
51  51   2.00000   4.00000   0.11585   0.85644
52  52   6.00000  11.00000   0.49377   0.57553
53  53   5.00000   7.00000   0.42349   0.70693
54  54   7.00000   9.00000   1.18865   0.63906
55  55   3.00000   4.00000   0.71834   0.93757
56  56   2.00000   8.00000  -0.47657   0.66548
57  57   7.00000   7.00000   1.74955   1.25376
58  58   1.00000   4.00000  -0.43496   0.90605
59  59   1.00000   9.00000  -0.69051   0.76726
60  60   3.00000   4.00000   0.71834   0.93757
61  61   7.00000  12.00000   0.39687   0.48957
62  62   4.00000   4.00000   1.61043   1.33504
63  63   4.00000  11.00000  -0.10851   0.58687
64  64   0.00000   7.00000  -1.21825   1.14575
65  65   1.00000  11.00000  -1.38325   0.89505
66  66   1.00000   5.00000   0.02159   0.78123
67  67   7.00000  12.00000   0.39687   0.48957
68  68   0.00000   4.00000  -1.16455   1.22166
69  69   0.00000   4.00000  -1.16455   1.22166
70  70   5.00000   7.00000   0.42349   0.70693
71  71   6.00000   7.00000   0.91180   0.83083
72  72   5.00000   8.00000   0.51089   0.62618
73  73   2.00000   4.00000   0.11585   0.85644
74  74   4.00000   8.00000   0.18528   0.60853
75  75   0.00000   4.00000  -1.16455   1.22166
76  76   7.00000   7.00000   1.74955   1.25376
77  77   3.00000  12.00000  -0.56928   0.58069
78  78   3.00000   4.00000   0.71834   0.93757
79  79   9.00000  12.00000   0.83101   0.52674
80  80   7.00000  12.00000   0.39687   0.48957
81  81   3.00000   4.00000   0.71834   0.93757
82  82   6.00000  12.00000   0.18308   0.49224
83  83   2.00000   4.00000   0.11585   0.85644
84  84   4.00000  12.00000  -0.28865   0.53370
85  85   3.00000   7.00000  -0.31625   0.66573
86  86   2.00000   4.00000   0.11585   0.85644
87  87   3.00000   7.00000  -0.31625   0.66573
88  88   2.00000   7.00000  -0.70005   0.72043
89  89   4.00000  12.00000  -0.28865   0.53370
90  90   8.00000  12.00000   0.60832   0.49953
91  91   0.00000   4.00000  -1.16455   1.22166
92  92   7.00000  12.00000   0.39687   0.48957
93  93   8.00000   8.00000   2.18116   1.25404
94  94   1.00000   3.00000   0.36350   0.84288
95  95   1.00000   4.00000  -0.43496   0.90605
96  96   2.00000   4.00000   0.11585   0.85644
97  97   3.00000   4.00000   0.71834   0.93757
98  98   7.00000  12.00000   0.39687   0.48957
99  99   5.00000  12.00000  -0.04255   0.50636
100  100   7.00000  12.00000   0.39687   0.48957
101  101   5.00000   7.00000   0.42349   0.70693
103  103   1.00000   9.00000  -0.69051   0.76726
104  104   3.00000  11.00000  -0.42862   0.62397
105  105   2.00000   8.00000  -0.47657   0.66548
106  106   5.00000   8.00000   0.51089   0.62618
107  107  10.00000  12.00000   1.08912   0.58255
108  108   4.00000  12.00000  -0.28865   0.53370
109  109   4.00000   4.00000   1.61043   1.33504
110  110   0.00000   4.00000  -1.16455   1.22166
111  111   7.00000   7.00000   1.74955   1.25376
112  112   4.00000  12.00000  -0.28865   0.53370
113  113   9.00000  12.00000   0.83101   0.52674
114  114   5.00000   7.00000   0.42349   0.70693
115  115   2.00000   4.00000   0.11585   0.85644
116  116   4.00000   7.00000   0.63399   0.63245
117  117   5.00000  11.00000   0.19176   0.57316
118  118   2.00000   4.00000   0.11585   0.85644
119  119   4.00000  12.00000  -0.28865   0.53370
120  120   2.00000   8.00000  -0.47657   0.66548
121  121   7.00000  11.00000   0.81241   0.59111
122  122   3.00000   8.00000  -0.13364   0.61940
123  123   1.00000   4.00000  -0.43496   0.90605
124  124   2.00000  11.00000  -0.84888   0.69470
125  125   2.00000   4.00000   0.11585   0.85644
126  126   1.00000   9.00000  -0.69051   0.76726
127  127   2.00000   4.00000   0.11585   0.85644
128  128   0.00000   4.00000  -1.16455   1.22166
129  129   5.00000  11.00000   0.14818   0.54820
130  130   4.00000  11.00000  -0.15148   0.57384
131  131   1.00000   7.00000  -1.23203   0.88332
132  132   1.00000   4.00000  -0.43496   0.90605
133  133   1.00000   4.00000  -0.43496   0.90605
134  134   2.00000   9.00000  -0.26719   0.64538
135  135   1.00000   4.00000  -0.43496   0.90605
136  136   5.00000  11.00000   0.14818   0.54820
137  137   2.00000   4.00000   0.11585   0.85644
138  138   7.00000   7.00000   1.74955   1.25376
139  139   2.00000   4.00000   0.11585   0.85644
140  140   3.00000  11.00000  -0.47229   0.61559
141  141   2.00000   7.00000  -0.05705   0.68329
142  142   1.00000   4.00000  -0.43496   0.90605
143  143   2.00000   4.00000   0.11585   0.85644
144  144   1.00000   4.00000  -0.43496   0.90605
145  145   6.00000  11.00000   0.42484   0.53133
146  146   3.00000   7.00000  -0.31625   0.66573
147  147   3.00000  11.00000  -0.47229   0.61559
148  148   5.00000   8.00000   0.51089   0.62618
149  149   2.00000   4.00000   0.11585   0.85644
150  150   5.00000   7.00000   0.42349   0.70693
151  151   1.00000   4.00000  -0.43496   0.90605
152  152   6.00000  11.00000   0.42484   0.53133
153  153   2.00000   4.00000   0.11585   0.85644
154  154   3.00000  12.00000  -0.56928   0.58069
155  155   6.00000   7.00000   0.91180   0.83083
156  156   2.00000  12.00000  -0.91878   0.66601
157  157   3.00000   4.00000   0.71834   0.93757
158  158   0.00000   4.00000  -1.16455   1.22166
159  159   4.00000   9.00000   0.34919   0.56136
160  160   3.00000   7.00000  -0.31625   0.66573
161  161   2.00000   4.00000   0.11585   0.85644
162  162   2.00000   9.00000  -0.26719   0.64538
163  163   3.00000  11.00000  -0.42862   0.62397
164  164   4.00000   7.00000   0.03833   0.66276
165  165   3.00000  12.00000  -0.56928   0.58069
166  166   4.00000   7.00000   0.03833   0.66276
167  167   3.00000  11.00000  -0.42862   0.62397
168  168   7.00000  12.00000   0.39687   0.48957
169  169   3.00000   7.00000  -0.31625   0.66573
170  170   0.00000   8.00000  -1.65639   1.18146
171  171   2.00000   4.00000   0.11585   0.85644
172  172   0.00000   4.00000  -1.16455   1.22166
173  173   6.00000  12.00000   0.18308   0.49224
174  174   0.00000   4.00000  -1.16455   1.22166
175  175   2.00000   4.00000   0.11585   0.85644
176  176   7.00000  12.00000   0.39687   0.48957
177  177   1.00000   7.00000  -1.23203   0.88332
178  178   2.00000   4.00000   0.11585   0.85644
179  179   0.00000   4.00000  -1.16455   1.22166
180  180   1.00000   7.00000  -1.23203   0.88332
181  181   0.00000   4.00000  -1.16455   1.22166
182  182   5.00000   8.00000   0.51089   0.62618
183  183   4.00000  12.00000  -0.28865   0.53370
184  184   4.00000  11.00000  -0.10851   0.58687
185  185   3.00000   8.00000  -0.13364   0.61940
186  186   4.00000  12.00000  -0.28865   0.53370
187  187   4.00000  11.00000  -0.10851   0.58687
188  188   3.00000  12.00000  -0.56928   0.58069
189  189   3.00000   8.00000  -0.13364   0.61940
190  190   4.00000   8.00000   0.18528   0.60853
191  191   2.00000  11.00000  -0.81078   0.70350
192  192   6.00000  12.00000   0.18308   0.49224
193  193   4.00000  12.00000  -0.28865   0.53370
194  194   3.00000  12.00000  -0.56928   0.58069
195  195   6.00000  12.00000   0.18308   0.49224
196  196   3.00000  11.00000  -0.42862   0.62397
197  197   1.00000   8.00000  -1.39041   0.88986
198  198   1.00000  11.00000  -1.40273   0.87987
199  199   6.00000   9.00000   0.88162   0.58063
200  200  10.00000  12.00000   1.08912   0.58255
201  201   4.00000   4.00000   1.61043   1.33504
202  202   2.00000   9.00000  -0.26719   0.64538
203  203   1.00000   4.00000  -0.43496   0.90605
204  204   2.00000   4.00000   0.11585   0.85644
205  205   7.00000  11.00000   0.67248   0.52656
206  206   0.00000   4.00000  -1.16455   1.22166
207  207   3.00000   4.00000   0.71834   0.93757
208  208   3.00000   4.00000   0.71834   0.93757
209  209   7.00000  11.00000   0.67248   0.52656
210  210   1.00000   4.00000  -0.43496   0.90605
211  211   2.00000   4.00000   0.11585   0.85644
212  212   0.00000   4.00000  -1.16455   1.22166
213  213   4.00000   9.00000   0.34919   0.56136
214  214   5.00000  11.00000   0.14818   0.54820
215  215   0.00000   4.00000  -1.16455   1.22166
216  216   1.00000   4.00000  -0.43496   0.90605
217  217   1.00000   4.00000  -0.43496   0.90605
218  218   0.00000   4.00000  -1.16455   1.22166
219  219   3.00000   4.00000   0.71834   0.93757
220  220   0.00000   4.00000  -1.16455   1.22166
221  221   2.00000  11.00000  -0.84888   0.69470
222  222   2.00000   4.00000   0.11585   0.85644
223  223   6.00000   9.00000   0.88162   0.58063
224  224   2.00000   8.00000  -0.47657   0.66548
225  225   4.00000   8.00000   0.18528   0.60853
226  226   0.00000   4.00000  -1.16455   1.22166
227  227   3.00000   4.00000   0.71834   0.93757
228  228   7.00000   8.00000   1.33607   0.80841
229  229   5.00000  12.00000  -0.04255   0.50636
230  230   3.00000   4.00000   0.71834   0.93757
231  231   3.00000   7.00000  -0.31625   0.66573
232  232   8.00000  12.00000   0.60832   0.49953
233  233   2.00000   4.00000   0.11585   0.85644
234  234   2.00000   4.00000   0.11585   0.85644
235  235   2.00000   4.00000   0.11585   0.85644
236  236   5.00000   7.00000   0.42349   0.70693
237  237   3.00000   8.00000  -0.13364   0.61940
238  238   0.00000   4.00000  -1.16455   1.22166
239  239  10.00000  12.00000   1.08912   0.58255
240  240   5.00000  12.00000  -0.04255   0.50636
241  241   3.00000   8.00000  -0.13364   0.61940
242  242   2.00000   4.00000   0.11585   0.85644
243  243   4.00000  12.00000  -0.28865   0.53370
244  244   1.00000   4.00000  -0.43496   0.90605
245  245   2.00000   8.00000  -0.47657   0.66548
246  246   5.00000  12.00000  -0.04255   0.50636
247  247   2.00000   7.00000  -0.70005   0.72043
248  248   2.00000   8.00000  -0.47657   0.66548
249  249   9.00000  12.00000   0.83101   0.52674
250  250   4.00000   8.00000   0.18528   0.60853
251  251   0.00000   4.00000  -1.16455   1.22166
252  252   2.00000   4.00000   0.11585   0.85644
253  253   7.00000  12.00000   0.39687   0.48957
254  254   1.00000   4.00000  -0.43496   0.90605
255  255   3.00000   5.00000  -0.16749   0.74848
256  256   8.00000   8.00000   2.18116   1.25404
257  257   5.00000  12.00000  -0.04255   0.50636
258  258   7.00000  12.00000   0.39687   0.48957
259  259   4.00000   8.00000   0.18528   0.60853
260  260   2.00000   4.00000   0.11585   0.85644
261  261   7.00000   7.00000   1.74955   1.25376
262  262   4.00000   4.00000   1.61043   1.33504
263  263   8.00000  12.00000   0.60832   0.49953
264  264   0.00000   4.00000  -1.16455   1.22166
265  265   4.00000   8.00000   0.18528   0.60853
266  266   2.00000   4.00000   0.11585   0.85644
267  267   1.00000   4.00000  -0.43496   0.90605
268  268   2.00000   4.00000   0.11585   0.85644
269  269   0.00000   4.00000  -1.16455   1.22166
270  270   5.00000   8.00000   0.51089   0.62618
271  271   5.00000  12.00000  -0.04255   0.50636
272  272   4.00000  12.00000  -0.28865   0.53370
273  273   5.00000   8.00000   0.51089   0.62618
274  274   4.00000   7.00000   0.03833   0.66276
275  275   5.00000   8.00000   0.51089   0.62618
276  276   2.00000   4.00000   0.11585   0.85644
277  277   3.00000   8.00000  -0.13364   0.61940
278  278   4.00000  12.00000  -0.28865   0.53370
279  279   3.00000   4.00000   0.71834   0.93757
280  280   0.00000   2.00000  -0.35711   1.50014
281  281   3.00000   4.00000   0.71834   0.93757
282  282   4.00000   4.00000   1.61043   1.33504
283  283   8.00000  12.00000   0.60832   0.49953
284  284   1.00000   4.00000  -0.43496   0.90605
285  285   0.00000   4.00000  -1.16455   1.22166
286  286   2.00000   4.00000   0.11585   0.85644
287  287   5.00000   7.00000   0.42349   0.70693
288  288   2.00000   8.00000  -0.47657   0.66548
289  289   6.00000   7.00000   0.91180   0.83083
290  290   5.00000   8.00000   0.51089   0.62618
291  291   5.00000   7.00000   0.42349   0.70693
292  292   2.00000   4.00000   0.11585   0.85644
293  293   1.00000   7.00000  -1.23203   0.88332
294  294   1.00000   4.00000  -0.43496   0.90605
295  295   6.00000  12.00000   0.18308   0.49224
296  296   4.00000   4.00000   1.61043   1.33504
297  297   2.00000   4.00000   0.11585   0.85644
298  298   1.00000   7.00000  -1.23203   0.88332
299  299   4.00000   8.00000   0.18528   0.60853
300  300   3.00000  12.00000  -0.56928   0.58069
301  301   2.00000   7.00000  -0.70005   0.72043
302  302   2.00000   7.00000  -0.70005   0.72043
303  303   3.00000   4.00000   0.71834   0.93757
304  304   7.00000  12.00000   0.39687   0.48957
305  305   4.00000   8.00000   0.18528   0.60853
306  306   1.00000   4.00000  -0.43496   0.90605
307  307   4.00000  12.00000  -0.28865   0.53370
308  308   4.00000   8.00000   0.18528   0.60853
309  309   0.00000   4.00000  -1.16455   1.22166
310  310   4.00000   7.00000   0.03833   0.66276
311  311   5.00000   7.00000   0.42349   0.70693
312  312   2.00000   4.00000   0.11585   0.85644
313  313   4.00000   8.00000   0.18528   0.60853
314  314   2.00000   8.00000  -0.47657   0.66548
315  315   2.00000   4.00000   0.11585   0.85644
316  316   2.00000   4.00000   0.06391   0.83796
317  317   6.00000   7.00000   0.91180   0.83083
318  318   3.00000   4.00000   0.71834   0.93757
319  319   5.00000  11.00000   0.19176   0.57316
320  320   2.00000   4.00000   0.11585   0.85644
321  321   4.00000   7.00000   0.03833   0.66276
322  322   4.00000  12.00000  -0.28865   0.53370
323  323   4.00000  12.00000  -0.28865   0.53370
324  324   4.00000   4.00000   1.61043   1.33504
325  325   3.00000   9.00000   0.06412   0.58748
326  326   5.00000  12.00000  -0.04255   0.50636
327  327   6.00000  12.00000   0.18308   0.49224
328  328   3.00000  12.00000  -0.56928   0.58069
329  329   6.00000  11.00000   0.49377   0.57553
330  330   5.00000  12.00000  -0.04255   0.50636
331  331   3.00000   8.00000  -0.13364   0.61940
332  332   3.00000   8.00000  -0.13364   0.61940
333  333   5.00000   8.00000   0.51089   0.62618
334  334   3.00000  11.00000  -0.42862   0.62397
335  335   5.00000   7.00000   0.42349   0.70693
336  336   4.00000  12.00000  -0.28865   0.53370
337  337   3.00000  11.00000  -0.42862   0.62397
338  338   3.00000   8.00000  -0.13364   0.61940
339  339   3.00000  12.00000  -0.56928   0.58069
340  340   7.00000   8.00000   1.33607   0.80841
341  341   0.00000  11.00000  -2.86175   1.67126
342  342   5.00000  12.00000  -0.04255   0.50636
343  343   2.00000   8.00000  -0.47657   0.66548
344  344   6.00000   8.00000   0.87351   0.68013
345  345   9.00000  12.00000   0.83101   0.52674
346  346   5.00000  12.00000  -0.04255   0.50636
347  347   6.00000  12.00000   0.18308   0.49224
348  348   6.00000  12.00000   0.18308   0.49224
349  349   1.00000   4.00000  -0.43496   0.90605
350  350   2.00000   8.00000  -0.47657   0.66548
351  351   3.00000   8.00000  -0.13364   0.61940
352  352   0.00000   4.00000  -1.16455   1.22166
353  353   6.00000  12.00000   0.18308   0.49224
354  354   2.00000  11.00000  -0.81078   0.70350
355  355   3.00000   5.00000  -0.16749   0.74848
356  356   4.00000  12.00000  -0.28865   0.53370
357  357   8.00000  11.00000   1.15715   0.62026
358  358  10.00000  12.00000   1.08912   0.58255
359  359   2.00000  12.00000  -0.91878   0.66601
360  360   2.00000  11.00000  -0.81078   0.70350
361  361   4.00000  12.00000  -0.28865   0.53370
362  362   5.00000   7.00000   0.42349   0.70693
363  363   3.00000  11.00000  -0.42862   0.62397
364  364   4.00000  12.00000  -0.28865   0.53370
365  365   5.00000  12.00000  -0.04255   0.50636
366  366   5.00000  11.00000   0.19176   0.57316
367  367   5.00000  12.00000  -0.04255   0.50636
368  368   6.00000  12.00000   0.18308   0.49224
369  369   5.00000  12.00000  -0.04255   0.50636
370  370   7.00000   7.00000   1.74955   1.25376
371  371   8.00000  11.00000   1.15715   0.62026
372  372   3.00000   4.00000   0.71834   0.93757
373  373   5.00000  12.00000  -0.04255   0.50636
374  374   4.00000   7.00000   0.03833   0.66276
375  375   7.00000   8.00000   1.33607   0.80841
376  376   0.00000   8.00000  -1.65639   1.18146
377  377   2.00000   4.00000   0.11585   0.85644
378  378   8.00000  12.00000   0.60832   0.49953
379  379   6.00000  12.00000   0.18308   0.49224
380  380   6.00000   8.00000   0.87351   0.68013
381  381   0.00000   4.00000  -1.16455   1.22166
382  382   1.00000   4.00000  -0.43496   0.90605
383  383   4.00000   4.00000   1.61043   1.33504
384  384   2.00000   4.00000   0.11585   0.85644
385  385   6.00000  12.00000   0.18308   0.49224
386  386   3.00000  12.00000  -0.56928   0.58069
387  387   3.00000   8.00000  -0.13364   0.61940
388  388   3.00000   8.00000  -0.13364   0.61940
389  389   8.00000  12.00000   0.60832   0.49953
390  390   0.00000   4.00000  -1.16455   1.22166
391  391   4.00000   4.00000   1.61043   1.33504
392  392   0.00000   4.00000  -1.16455   1.22166
393  393   3.00000   7.00000  -0.31625   0.66573
394  394   5.00000   7.00000   0.42349   0.70693