1  1   5.00000   7.00000   0.55187   0.73204
2  2   5.00000   9.00000   0.63211   0.55933
3  3   5.00000  11.00000   0.10805   0.55116
4  4   4.00000   7.00000   0.07351   0.66477
5  5   3.00000   4.00000   0.96472   1.01030
6  6   2.00000   4.00000   0.13791   0.85708
7  7   1.00000   4.00000  -0.64526   0.96394
8  8   1.00000   4.00000  -0.64526   0.96394
9  9   2.00000   8.00000  -0.61014   0.69458
10  10   4.00000   8.00000   0.19173   0.60861
11  11   2.00000   4.00000   0.13791   0.85708
12  12   9.00000  12.00000   0.91994   0.54285
13  13   2.00000   4.00000   0.13791   0.85708
14  14   6.00000  11.00000   0.51099   0.57606
15  15   4.00000   8.00000   0.19173   0.60861
16  16   3.00000   7.00000  -0.36414   0.66951
17  17   5.00000  12.00000  -0.08639   0.51036
18  18   1.00000  11.00000  -1.81429   1.08367
19  19   1.70000   2.00000   1.88013   1.75063
20  20   3.00000  12.00000  -0.69076   0.60690
21  21   2.00000   4.00000   0.13791   0.85708
22  22   5.00000  11.00000   0.18230   0.57333
23  23   2.00000   8.00000  -0.61014   0.69458
24  24   6.00000  11.00000   0.40083   0.53247
25  25   3.00000  11.00000  -0.57543   0.63343
26  26   0.30000   8.00000  -2.25200   1.70142
27  27   1.00000  12.00000  -1.88499   1.05248
28  28   1.00000   7.00000  -1.64709   1.06760
29  29   7.00000  12.00000   0.40438   0.48969
30  30   4.00000   8.00000   0.19173   0.60861
31  31   4.00000   7.00000   0.07351   0.66477
32  32   2.00000   4.00000   0.13791   0.85708
33  33   6.00000   7.00000   1.22929   0.95553
34  34   0.30000   4.00000  -1.64739   1.63126
35  35  10.00000  12.00000   1.25975   0.63471
36  36   2.00000   4.00000   0.13791   0.85708
37  37   1.00000   4.00000  -0.64526   0.96394
38  38   5.00000  12.00000  -0.08639   0.51036
39  39   2.00000   9.00000  -0.41691   0.68137
40  40   3.70000   4.00000   2.07686   1.71727
41  41   5.00000   7.00000   0.55187   0.73204
42  42   2.00000   4.00000   0.13791   0.85708
43  43   1.00000   4.00000  -0.64526   0.96394
44  44   0.30000   9.00000  -2.00237   1.66799
45  45   5.00000   7.00000   0.55187   0.73204
46  46   4.00000  11.00000  -0.15404   0.59060
47  47   5.00000   7.00000   0.55187   0.73204
48  48   5.00000   7.00000   0.55187   0.73204
49  49   6.00000  12.00000   0.16414   0.49302
50  50   4.00000  11.00000  -0.15404   0.59060
51  51   2.00000   4.00000   0.13791   0.85708
52  52   6.00000  11.00000   0.51099   0.57606
53  53   5.00000   7.00000   0.55187   0.73204
54  54   7.00000   9.00000   1.35954   0.68707
55  55   3.00000   4.00000   0.96472   1.01030
56  56   2.00000   8.00000  -0.61014   0.69458
57  57   6.70000   7.00000   2.29292   1.71487
58  58   1.00000   4.00000  -0.64526   0.96394
59  59   1.00000   9.00000  -1.01748   0.90804
60  60   3.00000   4.00000   0.96472   1.01030
61  61   7.00000  12.00000   0.40438   0.48969
62  62   3.70000   4.00000   2.07686   1.71727
63  63   4.00000  11.00000  -0.15404   0.59060
64  64   0.30000   7.00000  -1.76855   1.62766
65  65   1.00000  11.00000  -1.81429   1.08367
66  66   1.00000   5.00000  -0.31169   0.93259
67  67   7.00000  12.00000   0.40438   0.48969
68  68   0.30000   4.00000  -1.64739   1.63126
69  69   0.30000   4.00000  -1.64739   1.63126
70  70   5.00000   7.00000   0.55187   0.73204
71  71   6.00000   7.00000   1.22929   0.95553
72  72   5.00000   8.00000   0.57284   0.63281
73  73   2.00000   4.00000   0.13791   0.85708
74  74   4.00000   8.00000   0.19173   0.60861
75  75   0.30000   4.00000  -1.64739   1.63126
76  76   6.70000   7.00000   2.29292   1.71487
77  77   3.00000  12.00000  -0.69076   0.60690
78  78   3.00000   4.00000   0.96472   1.01030
79  79   9.00000  12.00000   0.91994   0.54285
80  80   7.00000  12.00000   0.40438   0.48969
81  81   3.00000   4.00000   0.96472   1.01030
82  82   6.00000  12.00000   0.16414   0.49302
83  83   2.00000   4.00000   0.13791   0.85708
84  84   4.00000  12.00000  -0.36283   0.54436
85  85   3.00000   7.00000  -0.36414   0.66951
86  86   2.00000   4.00000   0.13791   0.85708
87  87   3.00000   7.00000  -0.36414   0.66951
88  88   2.00000   7.00000  -0.86193   0.75965
89  89   4.00000  12.00000  -0.36283   0.54436
90  90   8.00000  12.00000   0.64922   0.50319
91  91   0.30000   4.00000  -1.64739   1.63126
92  92   7.00000  12.00000   0.40438   0.48969
93  93   7.70000   8.00000   2.75288   1.74086
94  94   1.00000   3.00000   0.16259   0.90728
95  95   1.00000   4.00000  -0.64526   0.96394
96  96   2.00000   4.00000   0.13791   0.85708
97  97   3.00000   4.00000   0.96472   1.01030
98  98   7.00000  12.00000   0.40438   0.48969
99  99   5.00000  12.00000  -0.08639   0.51036
100  100   7.00000  12.00000   0.40438   0.48969
101  101   5.00000   7.00000   0.55187   0.73204
103  103   1.00000   9.00000  -1.01748   0.90804
104  104   3.00000  11.00000  -0.52886   0.64080
105  105   2.00000   8.00000  -0.61014   0.69458
106  106   5.00000   8.00000   0.57284   0.63281
107  107  10.00000  12.00000   1.25975   0.63471
108  108   4.00000  12.00000  -0.36283   0.54436
109  109   3.70000   4.00000   2.07686   1.71727
110  110   0.30000   4.00000  -1.64739   1.63126
111  111   6.70000   7.00000   2.29292   1.71487
112  112   4.00000  12.00000  -0.36283   0.54436
113  113   9.00000  12.00000   0.91994   0.54285
114  114   5.00000   7.00000   0.55187   0.73204
115  115   2.00000   4.00000   0.13791   0.85708
116  116   4.00000   7.00000   0.66398   0.63404
117  117   5.00000  11.00000   0.18230   0.57333
118  118   2.00000   4.00000   0.13791   0.85708
119  119   4.00000  12.00000  -0.36283   0.54436
120  120   2.00000   8.00000  -0.61014   0.69458
121  121   7.00000  11.00000   0.85178   0.59378
122  122   3.00000   8.00000  -0.18373   0.62373
123  123   1.00000   4.00000  -0.64526   0.96394
124  124   2.00000  11.00000  -1.04463   0.75126
125  125   2.00000   4.00000   0.13791   0.85708
126  126   1.00000   9.00000  -1.01748   0.90804
127  127   2.00000   4.00000   0.13791   0.85708
128  128   0.30000   4.00000  -1.64739   1.63126
129  129   5.00000  11.00000   0.10805   0.55116
130  130   4.00000  11.00000  -0.21068   0.58017
131  131   1.00000   7.00000  -1.64709   1.06760
132  132   1.00000   4.00000  -0.64526   0.96394
133  133   1.00000   4.00000  -0.64526   0.96394
134  134   2.00000   9.00000  -0.41691   0.68137
135  135   1.00000   4.00000  -0.64526   0.96394
136  136   5.00000  11.00000   0.10805   0.55116
137  137   2.00000   4.00000   0.13791   0.85708
138  138   6.70000   7.00000   2.29292   1.71487
139  139   2.00000   4.00000   0.13791   0.85708
140  140   3.00000  11.00000  -0.57543   0.63343
141  141   2.00000   7.00000  -0.18325   0.70803
142  142   1.00000   4.00000  -0.64526   0.96394
143  143   2.00000   4.00000   0.13791   0.85708
144  144   1.00000   4.00000  -0.64526   0.96394
145  145   6.00000  11.00000   0.40083   0.53247
146  146   3.00000   7.00000  -0.36414   0.66951
147  147   3.00000  11.00000  -0.57543   0.63343
148  148   5.00000   8.00000   0.57284   0.63281
149  149   2.00000   4.00000   0.13791   0.85708
150  150   5.00000   7.00000   0.55187   0.73204
151  151   1.00000   4.00000  -0.64526   0.96394
152  152   6.00000  11.00000   0.40083   0.53247
153  153   2.00000   4.00000   0.13791   0.85708
154  154   3.00000  12.00000  -0.69076   0.60690
155  155   6.00000   7.00000   1.22929   0.95553
156  156   2.00000  12.00000  -1.13011   0.73276
157  157   3.00000   4.00000   0.96472   1.01030
158  158   0.30000   4.00000  -1.64739   1.63126
159  159   4.00000   9.00000   0.32013   0.56296
160  160   3.00000   7.00000  -0.36414   0.66951
161  161   2.00000   4.00000   0.13791   0.85708
162  162   2.00000   9.00000  -0.41691   0.68137
163  163   3.00000  11.00000  -0.52886   0.64080
164  164   4.00000   7.00000   0.07351   0.66477
165  165   3.00000  12.00000  -0.69076   0.60690
166  166   4.00000   7.00000   0.07351   0.66477
167  167   3.00000  11.00000  -0.52886   0.64080
168  168   7.00000  12.00000   0.40438   0.48969
169  169   3.00000   7.00000  -0.36414   0.66951
170  170   0.30000   8.00000  -2.25200   1.70142
171  171   2.00000   4.00000   0.13791   0.85708
172  172   0.30000   4.00000  -1.64739   1.63126
173  173   6.00000  12.00000   0.16414   0.49302
174  174   0.30000   4.00000  -1.64739   1.63126
175  175   2.00000   4.00000   0.13791   0.85708
176  176   7.00000  12.00000   0.40438   0.48969
177  177   1.00000   7.00000  -1.64709   1.06760
178  178   2.00000   4.00000   0.13791   0.85708
179  179   0.30000   4.00000  -1.64739   1.63126
180  180   1.00000   7.00000  -1.64709   1.06760
181  181   0.30000   4.00000  -1.64739   1.63126
182  182   5.00000   8.00000   0.57284   0.63281
183  183   4.00000  12.00000  -0.36283   0.54436
184  184   4.00000  11.00000  -0.15404   0.59060
185  185   3.00000   8.00000  -0.18373   0.62373
186  186   4.00000  12.00000  -0.36283   0.54436
187  187   4.00000  11.00000  -0.15404   0.59060
188  188   3.00000  12.00000  -0.69076   0.60690
189  189   3.00000   8.00000  -0.18373   0.62373
190  190   4.00000   8.00000   0.19173   0.60861
191  191   2.00000  11.00000  -1.00906   0.76067
192  192   6.00000  12.00000   0.16414   0.49302
193  193   4.00000  12.00000  -0.36283   0.54436
194  194   3.00000  12.00000  -0.69076   0.60690
195  195   6.00000  12.00000   0.16414   0.49302
196  196   3.00000  11.00000  -0.52886   0.64080
197  197   1.00000   8.00000  -1.80763   1.07116
198  198   1.00000  11.00000  -1.82708   1.06690
199  199   6.00000   9.00000   0.95938   0.59189
200  200  10.00000  12.00000   1.25975   0.63471
201  201   3.70000   4.00000   2.07686   1.71727
202  202   2.00000   9.00000  -0.41691   0.68137
203  203   1.00000   4.00000  -0.64526   0.96394
204  204   2.00000   4.00000   0.13791   0.85708
205  205   7.00000  11.00000   0.67968   0.52667
206  206   0.30000   4.00000  -1.64739   1.63126
207  207   3.00000   4.00000   0.96472   1.01030
208  208   3.00000   4.00000   0.96472   1.01030
209  209   7.00000  11.00000   0.67968   0.52667
210  210   1.00000   4.00000  -0.64526   0.96394
211  211   2.00000   4.00000   0.13791   0.85708
212  212   0.30000   4.00000  -1.64739   1.63126
213  213   4.00000   9.00000   0.32013   0.56296
214  214   5.00000  11.00000   0.10805   0.55116
215  215   0.30000   4.00000  -1.64739   1.63126
216  216   1.00000   4.00000  -0.64526   0.96394
217  217   1.00000   4.00000  -0.64526   0.96394
218  218   0.30000   4.00000  -1.64739   1.63126
219  219   3.00000   4.00000   0.96472   1.01030
220  220   0.30000   4.00000  -1.64739   1.63126
221  221   2.00000  11.00000  -1.04463   0.75126
222  222   2.00000   4.00000   0.13791   0.85708
223  223   6.00000   9.00000   0.95938   0.59189
224  224   2.00000   8.00000  -0.61014   0.69458
225  225   4.00000   8.00000   0.19173   0.60861
226  226   0.30000   4.00000  -1.64739   1.63126
227  227   3.00000   4.00000   0.96472   1.01030
228  228   7.00000   8.00000   1.67325   0.95090
229  229   5.00000  12.00000  -0.08639   0.51036
230  230   3.00000   4.00000   0.96472   1.01030
231  231   3.00000   7.00000  -0.36414   0.66951
232  232   8.00000  12.00000   0.64922   0.50319
233  233   2.00000   4.00000   0.13791   0.85708
234  234   2.00000   4.00000   0.13791   0.85708
235  235   2.00000   4.00000   0.13791   0.85708
236  236   5.00000   7.00000   0.55187   0.73204
237  237   3.00000   8.00000  -0.18373   0.62373
238  238   0.30000   4.00000  -1.64739   1.63126
239  239  10.00000  12.00000   1.25975   0.63471
240  240   5.00000  12.00000  -0.08639   0.51036
241  241   3.00000   8.00000  -0.18373   0.62373
242  242   2.00000   4.00000   0.13791   0.85708
243  243   4.00000  12.00000  -0.36283   0.54436
244  244   1.00000   4.00000  -0.64526   0.96394
245  245   2.00000   8.00000  -0.61014   0.69458
246  246   5.00000  12.00000  -0.08639   0.51036
247  247   2.00000   7.00000  -0.86193   0.75965
248  248   2.00000   8.00000  -0.61014   0.69458
249  249   9.00000  12.00000   0.91994   0.54285
250  250   4.00000   8.00000   0.19173   0.60861
251  251   0.30000   4.00000  -1.64739   1.63126
252  252   2.00000   4.00000   0.13791   0.85708
253  253   7.00000  12.00000   0.40438   0.48969
254  254   1.00000   4.00000  -0.64526   0.96394
255  255   3.00000   5.00000  -0.12760   0.75095
256  256   7.70000   8.00000   2.75288   1.74086
257  257   5.00000  12.00000  -0.08639   0.51036
258  258   7.00000  12.00000   0.40438   0.48969
259  259   4.00000   8.00000   0.19173   0.60861
260  260   2.00000   4.00000   0.13791   0.85708
261  261   6.70000   7.00000   2.29292   1.71487
262  262   3.70000   4.00000   2.07686   1.71727
263  263   8.00000  12.00000   0.64922   0.50319
264  264   0.30000   4.00000  -1.64739   1.63126
265  265   4.00000   8.00000   0.19173   0.60861
266  266   2.00000   4.00000   0.13791   0.85708
267  267   1.00000   4.00000  -0.64526   0.96394
268  268   2.00000   4.00000   0.13791   0.85708
269  269   0.30000   4.00000  -1.64739   1.63126
270  270   5.00000   8.00000   0.57284   0.63281
271  271   5.00000  12.00000  -0.08639   0.51036
272  272   4.00000  12.00000  -0.36283   0.54436
273  273   5.00000   8.00000   0.57284   0.63281
274  274   4.00000   7.00000   0.07351   0.66477
275  275   5.00000   8.00000   0.57284   0.63281
276  276   2.00000   4.00000   0.13791   0.85708
277  277   3.00000   8.00000  -0.18373   0.62373
278  278   4.00000  12.00000  -0.36283   0.54436
279  279   3.00000   4.00000   0.96472   1.01030
280  280   0.30000   2.00000  -0.68779   1.75059
281  281   3.00000   4.00000   0.96472   1.01030
282  282   3.70000   4.00000   2.07686   1.71727
283  283   8.00000  12.00000   0.64922   0.50319
284  284   1.00000   4.00000  -0.64526   0.96394
285  285   0.30000   4.00000  -1.64739   1.63126
286  286   2.00000   4.00000   0.13791   0.85708
287  287   5.00000   7.00000   0.55187   0.73204
288  288   2.00000   8.00000  -0.61014   0.69458
289  289   6.00000   7.00000   1.22929   0.95553
290  290   5.00000   8.00000   0.57284   0.63281
291  291   5.00000   7.00000   0.55187   0.73204
292  292   2.00000   4.00000   0.13791   0.85708
293  293   1.00000   7.00000  -1.64709   1.06760
294  294   1.00000   4.00000  -0.64526   0.96394
295  295   6.00000  12.00000   0.16414   0.49302
296  296   3.70000   4.00000   2.07686   1.71727
297  297   2.00000   4.00000   0.13791   0.85708
298  298   1.00000   7.00000  -1.64709   1.06760
299  299   4.00000   8.00000   0.19173   0.60861
300  300   3.00000  12.00000  -0.69076   0.60690
301  301   2.00000   7.00000  -0.86193   0.75965
302  302   2.00000   7.00000  -0.86193   0.75965
303  303   3.00000   4.00000   0.96472   1.01030
304  304   7.00000  12.00000   0.40438   0.48969
305  305   4.00000   8.00000   0.19173   0.60861
306  306   1.00000   4.00000  -0.64526   0.96394
307  307   4.00000  12.00000  -0.36283   0.54436
308  308   4.00000   8.00000   0.19173   0.60861
309  309   0.30000   4.00000  -1.64739   1.63126
310  310   4.00000   7.00000   0.07351   0.66477
311  311   5.00000   7.00000   0.55187   0.73204
312  312   2.00000   4.00000   0.13791   0.85708
313  313   4.00000   8.00000   0.19173   0.60861
314  314   2.00000   8.00000  -0.61014   0.69458
315  315   2.00000   4.00000   0.13791   0.85708
316  316   2.00000   4.00000   0.07839   0.83824
317  317   6.00000   7.00000   1.22929   0.95553
318  318   3.00000   4.00000   0.96472   1.01030
319  319   5.00000  11.00000   0.18230   0.57333
320  320   2.00000   4.00000   0.13791   0.85708
321  321   4.00000   7.00000   0.07351   0.66477
322  322   4.00000  12.00000  -0.36283   0.54436
323  323   4.00000  12.00000  -0.36283   0.54436
324  324   3.70000   4.00000   2.07686   1.71727
325  325   3.00000   9.00000  -0.01387   0.59847
326  326   5.00000  12.00000  -0.08639   0.51036
327  327   6.00000  12.00000   0.16414   0.49302
328  328   3.00000  12.00000  -0.69076   0.60690
329  329   6.00000  11.00000   0.51099   0.57606
330  330   5.00000  12.00000  -0.08639   0.51036
331  331   3.00000   8.00000  -0.18373   0.62373
332  332   3.00000   8.00000  -0.18373   0.62373
333  333   5.00000   8.00000   0.57284   0.63281
334  334   3.00000  11.00000  -0.52886   0.64080
335  335   5.00000   7.00000   0.55187   0.73204
336  336   4.00000  12.00000  -0.36283   0.54436
337  337   3.00000  11.00000  -0.52886   0.64080
338  338   3.00000   8.00000  -0.18373   0.62373
339  339   3.00000  12.00000  -0.69076   0.60690
340  340   7.00000   8.00000   1.67325   0.95090
341  341   0.30000  11.00000  -3.20311   1.92264
342  342   5.00000  12.00000  -0.08639   0.51036
343  343   2.00000   8.00000  -0.61014   0.69458
344  344   6.00000   8.00000   1.01717   0.71250
345  345   9.00000  12.00000   0.91994   0.54285
346  346   5.00000  12.00000  -0.08639   0.51036
347  347   6.00000  12.00000   0.16414   0.49302
348  348   6.00000  12.00000   0.16414   0.49302
349  349   1.00000   4.00000  -0.64526   0.96394
350  350   2.00000   8.00000  -0.61014   0.69458
351  351   3.00000   8.00000  -0.18373   0.62373
352  352   0.30000   4.00000  -1.64739   1.63126
353  353   6.00000  12.00000   0.16414   0.49302
354  354   2.00000  11.00000  -1.00906   0.76067
355  355   3.00000   5.00000  -0.12760   0.75095
356  356   4.00000  12.00000  -0.36283   0.54436
357  357   8.00000  11.00000   1.22269   0.62734
358  358  10.00000  12.00000   1.25975   0.63471
359  359   2.00000  12.00000  -1.13011   0.73276
360  360   2.00000  11.00000  -1.00906   0.76067
361  361   4.00000  12.00000  -0.36283   0.54436
362  362   5.00000   7.00000   0.55187   0.73204
363  363   3.00000  11.00000  -0.52886   0.64080
364  364   4.00000  12.00000  -0.36283   0.54436
365  365   5.00000  12.00000  -0.08639   0.51036
366  366   5.00000  11.00000   0.18230   0.57333
367  367   5.00000  12.00000  -0.08639   0.51036
368  368   6.00000  12.00000   0.16414   0.49302
369  369   5.00000  12.00000  -0.08639   0.51036
370  370   6.70000   7.00000   2.29292   1.71487
371  371   8.00000  11.00000   1.22269   0.62734
372  372   3.00000   4.00000   0.96472   1.01030
373  373   5.00000  12.00000  -0.08639   0.51036
374  374   4.00000   7.00000   0.07351   0.66477
375  375   7.00000   8.00000   1.67325   0.95090
376  376   0.30000   8.00000  -2.25200   1.70142
377  377   2.00000   4.00000   0.13791   0.85708
378  378   8.00000  12.00000   0.64922   0.50319
379  379   6.00000  12.00000   0.16414   0.49302
380  380   6.00000   8.00000   1.01717   0.71250
381  381   0.30000   4.00000  -1.64739   1.63126
382  382   1.00000   4.00000  -0.64526   0.96394
383  383   3.70000   4.00000   2.07686   1.71727
384  384   2.00000   4.00000   0.13791   0.85708
385  385   6.00000  12.00000   0.16414   0.49302
386  386   3.00000  12.00000  -0.69076   0.60690
387  387   3.00000   8.00000  -0.18373   0.62373
388  388   3.00000   8.00000  -0.18373   0.62373
389  389   8.00000  12.00000   0.64922   0.50319
390  390   0.30000   4.00000  -1.64739   1.63126
391  391   3.70000   4.00000   2.07686   1.71727
392  392   0.30000   4.00000  -1.64739   1.63126
393  393   3.00000   7.00000  -0.36414   0.66951
394  394   5.00000   7.00000   0.55187   0.73204