  1  1   0.62998   0.13330  -0.03812  -0.20955   0.60680   0.06114   0.26064   0.20161
  2  2   0.48568  -0.03319  -0.12936   0.02327   0.20097   0.18602   0.26257   0.18975
  3  3  -0.04832   0.18589  -0.19400  -0.23482  -0.07178  -0.00630   0.25880   0.21288
  4  4  -0.17696   0.23000   0.18707   0.19173  -0.23235   0.06114   0.26064   0.20161
  5  5   0.36530  -0.26878   0.22447   0.16783  -0.14307   0.18602   0.26257   0.18975
  6  6  -0.03267  -0.21156   0.03280  -0.14291  -0.18364  -0.10796   0.25812   0.21699
  7  7  -0.01566   0.14317   0.09294  -0.27489   0.07941   0.02737   0.24401   0.30029
  8  8  -0.23232   0.32243   0.10926  -0.07809  -0.30473  -0.15197   0.25813   0.21693
  9  9   0.07550  -0.36079  -0.29230  -0.19400  -0.33157  -0.10463   0.26132   0.19745
  10  10   0.37219  -0.17337  -0.13614  -0.28177  -0.05064   0.03350   0.26459   0.17723
  11  11  -0.24600  -0.15593  -0.21759   0.16996   0.02481  -0.01823   0.25924   0.21019
  12  12   0.02359   0.14955   0.01386   0.32336  -0.03532   0.23361   0.25775   0.21927
  13  13   0.41415  -0.33951   0.02504   0.34667   0.15633   0.18602   0.26257   0.18975
  14  14  -0.09031   0.27079   0.20368  -0.35418   0.13751   0.17586   0.26896   0.14987
  15  15   0.18535   0.29100  -0.30334   0.17971  -0.10913   0.03350   0.26459   0.17723
  16  16  -0.07911  -0.47609  -0.17337  -0.43213  -0.08387  -0.00630   0.25880   0.21288
  17  17  -0.21785  -0.08632  -0.03579   0.10703  -0.06428  -0.02618   0.25190   0.25429
  18  18  -0.57474   0.06894  -0.35214  -0.29448   0.18953  -0.24003   0.25897   0.21180
  19  19  -0.02910   0.05756   0.35091   0.18964   0.37692   0.11254   0.28839   0.02257
  20  20   0.02599  -0.34071   0.21252  -0.00257  -0.01065  -0.15238   0.25077   0.26094
  21  21  -0.17702   0.34985   0.01411   0.48568  -0.12620   0.12273   0.26023   0.20414
  22  22   0.02599  -0.22006   0.02954  -0.04462   0.50201   0.03350   0.26459   0.17723
  23  23  -0.31048   0.43598  -0.11311   0.18350   0.21482  -0.10463   0.26132   0.19745
  24  24  -0.37702   0.71564   0.39979  -0.34071  -0.07494   0.06114   0.26064   0.20161
  25  25  -0.51307  -0.22549   0.08473   0.18129  -0.02853  -0.13888   0.25642   0.22729
  26  26   0.22143   0.16615  -0.29501  -0.08285   0.24448  -0.24003   0.25897   0.21180
  27  27  -0.47554   0.02365  -0.62123  -0.14998  -0.56086  -0.27776   0.24970   0.26726
  28  28   0.12347  -0.24695  -0.01532   0.14731  -0.06321  -0.13888   0.25642   0.22729
  29  29  -0.07973   0.41839  -0.08387  -0.49947   0.19888   0.10211   0.25486   0.23668
  30  30  -0.06542   0.03069   0.37039   0.02748   0.04906   0.03350   0.26459   0.17723
  31  31  -0.04595   0.22447   0.43598   0.20692   0.10780   0.12960   0.26266   0.18921
  32  32  -0.09158  -0.20302   0.29821  -0.01145  -0.29784  -0.08973   0.24042   0.32073
  33  33  -0.24884   0.39389   0.54863  -0.21591  -0.10712   0.19908   0.26446   0.17808
  34  34  -0.19039  -0.17422  -0.72758   0.32142  -0.57474  -0.15197   0.25813   0.21693
  35  35   0.36823   0.06141   0.68704   0.16783   0.15988   0.30027   0.25854   0.21444
  36  36   0.29424   0.29097   0.21062   0.06717   0.20446   0.21207   0.25217   0.25267
  37  37  -0.27353  -0.10202  -0.20916  -0.04060  -0.00905  -0.15197   0.25813   0.21693
  38  38   0.12646  -0.03701   0.02556   0.33900   0.03672  -0.02618   0.25190   0.25429
  39  39  -0.19179   0.39293   0.20601  -0.26723   0.06834  -0.01823   0.25924   0.21019
  40  40   0.82895   0.40671   0.40733   0.68246   0.54863   0.34138   0.25608   0.22933
  41  41  -0.23127  -0.21324   0.06834  -0.00318   0.01411   0.06114   0.26064   0.20161
  42  42  -0.35200  -0.28546  -0.19221  -0.19389  -0.16341  -0.08973   0.24042   0.32073
  43  43  -0.03029   0.41766  -0.34233   0.35091  -0.01501  -0.03162   0.24185   0.31258
  44  44   0.30563  -0.04271  -0.08377  -0.14445  -0.32508  -0.15197   0.25813   0.21693
  45  45   0.43650   0.07150  -0.29570  -0.27328   0.03191   0.06114   0.26064   0.20161
  46  46  -0.24620  -0.17933   0.05128  -0.66820  -0.29311  -0.10463   0.26132   0.19745
  47  47   0.11979  -0.05825  -0.02354  -0.34488   0.38113   0.06114   0.26064   0.20161
  48  48   0.03871   0.09081   0.01660   0.09293   0.19366   0.12960   0.26266   0.18921
  49  49   0.15646  -0.15035  -0.28154   0.39979  -0.00064   0.03759   0.25320   0.24654
  50  50   0.22417   0.05759   0.32185   0.07373  -0.09339  -0.03599   0.26272   0.18885
  51  51   0.10184   0.08280   0.50623   0.20996   0.41184   0.14912   0.24955   0.26812
  52  52  -0.00948   0.02028   0.25989   0.51209   0.16209   0.10409   0.26679   0.16349
  53  53   0.35905   0.27021   0.29655  -0.14831   0.24767   0.12960   0.26266   0.18921
  54  54   0.66310   0.02802   1.04684   0.22549   0.64525   0.39351   0.26272   0.18883
  55  55  -0.04532   0.02735  -0.08600  -0.04002   0.55804   0.01491   0.25783   0.21873
  56  56  -0.33745  -0.04995  -0.35349   0.03517  -0.73231  -0.10463   0.26132   0.19745
  57  57   0.03789  -0.21134   0.07070   0.14772   0.54668   0.26939   0.26576   0.16996
  58  58  -0.01422  -0.20351  -0.11341  -0.52538  -0.43219  -0.15197   0.25813   0.21693
  59  59  -0.32426   0.20097  -0.08104  -0.35809   0.17197  -0.08524   0.25854   0.21444
  60  60   0.28934   0.40319  -0.06097  -0.04657   0.23234   0.27623   0.25434   0.23975
  61  61   0.46898   0.14958  -0.23780  -0.03019   0.12347   0.10211   0.25486   0.23668
  62  62   0.39555   0.58898   0.56601   0.58838   0.41541   0.46236   0.26197   0.19346
  63  63  -0.14065   0.01951   0.21131   0.23032   0.04003  -0.03599   0.26272   0.18885
  64  64  -0.69784  -0.04595   0.01099   0.13970  -0.20916  -0.01823   0.25924   0.21019
  65  65  -0.14065  -0.57508  -0.22731   0.23032  -0.17123  -0.17263   0.26022   0.20421
  66  66   0.27913  -0.55438   0.39393  -0.38474  -0.00257  -0.03732   0.27274   0.12579
  67  67  -0.24884   0.08992   0.07726   0.50201   0.23000   0.10211   0.25486   0.23668
  68  68  -0.24199   0.09254  -0.09741  -0.13959  -0.17078  -0.01823   0.25924   0.21019
  69  69   0.01917  -0.34359  -0.19039  -0.06608  -0.52803  -0.21849   0.25763   0.21996
  70  70   0.17043  -0.04060  -0.03367   0.16856   0.48568   0.12960   0.26266   0.18921
  71  71   0.11983   0.03672   0.15646   0.53531   0.04981   0.19908   0.26446   0.17808
  72  72  -0.43213  -0.04462  -0.06608  -0.22015   0.51741   0.10409   0.26679   0.16349
  73  73   0.12347   0.22788  -0.17480  -0.52803  -0.53537  -0.01823   0.25924   0.21019
  74  74  -0.13614   0.12786  -0.08567   0.27676  -0.03019   0.03350   0.26459   0.17723
  75  75  -0.33157  -0.39019  -0.11132  -0.16981  -0.48626  -0.15197   0.25813   0.21693
  76  76   0.00911   0.19230   0.19979   0.45490   0.46847   0.34024   0.26651   0.16524
  77  77  -0.65308   0.00344  -0.34085  -0.31570  -0.11341  -0.15238   0.25077   0.26094
  78  78  -0.16552   0.22534   0.37371   0.11120  -0.09576   0.04924   0.26032   0.20361
  79  79   0.41640   0.88156   0.32263  -0.13964   0.13731   0.23361   0.25775   0.21927
  80  80   0.14931   0.05174  -0.27353   0.28805   0.02246   0.10211   0.25486   0.23668
  81  81  -0.38143  -0.15768  -0.38431  -0.35561  -0.25391  -0.08973   0.24042   0.32073
  82  82  -0.39148   0.25044   0.34012   0.03128  -0.26704   0.03759   0.25320   0.24654
  83  83  -0.17195  -0.07301  -0.67062   0.27521  -0.10101  -0.01823   0.25924   0.21019
  84  84  -0.12017  -0.37812   0.02359  -0.28888  -0.19389  -0.08941   0.25113   0.25884
  85  85  -0.46890   0.16695   0.11953  -0.40732  -0.19179  -0.07289   0.25739   0.22139
  86  86   0.27913   0.28076  -0.03413  -0.12551   0.05519  -0.14089   0.25425   0.24030
  87  87   0.08413   0.00541  -0.05676  -0.36448  -0.17422  -0.07289   0.25739   0.22139
  88  88  -0.06542   0.22442   0.06624   0.22064   0.41766   0.06114   0.26064   0.20161
  89  89  -0.00946   0.23648  -0.04192  -0.30113  -0.07249  -0.08941   0.25113   0.25884
  90  90   0.25359   0.34667   0.23049   0.63843   0.15262   0.16748   0.25648   0.22692
  91  91   0.02302  -0.24433  -0.24199  -0.20610  -0.19389  -0.08524   0.25854   0.21444
  92  92   0.00723  -0.08176  -0.05454  -0.41227   0.34012   0.10211   0.25486   0.23668
  93  93   0.43441   0.46776   0.57337   0.49106   0.48599   0.32234   0.27194   0.13093
  94  94  -0.60543   0.14955  -0.32968  -0.24433   0.22715   0.00987   0.27975   0.08027
  95  95  -0.22807  -0.06154   0.00723  -0.09933  -0.49593  -0.14731   0.23958   0.32543
  96  96   0.41481  -0.35215  -0.03267   0.13070   0.04564  -0.01823   0.25924   0.21019
  97  97  -0.13133   0.16209   0.01652   0.41389   0.38070   0.23947   0.26966   0.14545
  98  98  -0.12634   0.44680   0.09378  -0.09559  -0.12936   0.10211   0.25486   0.23668
  99  99   0.09873  -0.63151  -0.33046   0.31366  -0.19400  -0.02618   0.25190   0.25429
  100  100  -0.05017   0.32039   0.12347   0.69392  -0.03413   0.10211   0.25486   0.23668
  101  101   0.16856  -0.17195   0.07389  -0.29311   0.66631   0.06114   0.26064   0.20161
  102  102   0.28598  -0.01594  -0.53935   0.11704   0.08534   0.00000   0.29170   0.00000
  103  103  -0.49673  -0.29230  -0.16533  -0.50476  -0.17657  -0.08524   0.25854   0.21444
  104  104  -0.38880  -0.88447   0.29699   0.41541  -0.84779  -0.10463   0.26132   0.19745
  105  105  -0.20468  -0.51731  -0.11118  -0.31768  -0.00220  -0.10463   0.26132   0.19745
  106  106   0.19230   0.46914   0.09293   0.66310   0.74709   0.10409   0.26679   0.16349
  107  107   0.08711   0.25397   0.30205   0.37968   0.46648   0.30027   0.25854   0.21444
  108  108  -0.37729  -0.53935  -0.43351   0.05128   0.28217  -0.08941   0.25113   0.25884
  109  109  -0.08216   0.24379   0.49115   0.40707   0.30959   0.14912   0.24955   0.26812
  110  110  -0.24695   0.08148  -0.70809  -0.20594   0.44019  -0.11619   0.25456   0.23846
  111  111  -0.08360   0.49992  -0.23915  -0.45787   0.71564   0.19908   0.26446   0.17808
  112  112   0.27913  -0.46560   0.08730   0.41453  -0.00659  -0.08941   0.25113   0.25884
  113  113   0.09378  -0.04657   0.52833  -0.10271   0.60988   0.23361   0.25775   0.21927
  114  114   0.38915   0.16187  -0.36448   0.17317   0.15387   0.06114   0.26064   0.20161
  115  115   0.36723   0.00175   0.19237   0.56603   0.09873   0.11733   0.26155   0.19603
  116  116  -0.04995   0.05426  -0.12805   0.03069   0.06393   0.04924   0.26032   0.20361
  117  117  -0.06608   0.04051   0.01144   0.04828   0.16150   0.10409   0.26679   0.16349
  118  118  -0.11116   0.16638   0.55804  -0.17584   0.00165  -0.08524   0.25854   0.21444
  119  119  -0.33494  -0.09242  -0.15892  -0.09825  -0.29630  -0.08941   0.25113   0.25884
  120  120  -0.09004  -0.28357  -0.03624  -0.04950  -0.14496  -0.10463   0.26132   0.19745
  121  121   0.19732   0.12675   0.09499   0.41372  -0.03413   0.17586   0.26896   0.14987
  122  122  -0.24893  -0.03075  -0.04041   0.13907  -0.04595  -0.03599   0.26272   0.18885
  123  123   0.45707  -0.14304   0.07728   0.04555   0.13794   0.02737   0.24401   0.30029
  124  124  -0.34488  -0.25366  -0.29651  -0.29311  -0.50305  -0.20441   0.25554   0.23255
  125  125   0.27045   0.07974   0.33561   0.34121   0.36668   0.14912   0.24955   0.26812
  126  126   0.10926  -0.28177  -0.11800  -0.93055  -0.33157  -0.08524   0.25854   0.21444
  127  127   0.08852   0.41766   0.03280  -0.03624   0.31918   0.05554   0.25820   0.21649
  128  128  -0.11800   0.02924   0.20574  -0.30113   0.45490   0.02737   0.24401   0.30029
  129  129  -0.36031   0.14622   0.24786  -0.50055   0.88156  -0.00630   0.25880   0.21288
  130  130  -0.56041  -0.18085  -0.08080  -0.00220  -0.16012  -0.07289   0.25739   0.22139
  131  131  -0.44664  -0.15768   0.51431  -0.33892  -0.22712  -0.00630   0.25880   0.21288
  132  132  -0.20767  -0.10091  -0.58435  -0.51418   0.02748  -0.14731   0.23958   0.32543
  133  133  -0.14346  -0.26192   0.56428  -0.43410   0.07070   0.02737   0.24401   0.30029
  134  134  -0.01671   0.03231  -0.21212   0.14167  -0.27489  -0.08524   0.25854   0.21444
  135  135  -0.32216  -0.19389  -0.24893  -0.06154  -0.05439  -0.15197   0.25813   0.21693
  136  136   0.20954  -0.03133   0.29930   0.08939   0.30095  -0.00630   0.25880   0.21288
  137  137   0.20412   0.47464   0.26844   0.05174  -0.06501   0.05554   0.25820   0.21649
  138  138  -0.34045   0.24550   0.27521   0.37371  -0.19029   0.23255   0.27539   0.10873
  139  139  -0.15892  -0.44728   0.46885  -0.07313  -0.06227  -0.08973   0.24042   0.32073
  140  140  -0.60854  -0.22151  -0.10068  -0.16485  -0.06538  -0.13888   0.25642   0.22729
  141  141   0.39979  -0.19179   0.18879  -0.06621   0.66034   0.04924   0.26032   0.20361
  142  142  -0.09954  -0.11658  -0.48322  -0.18364   0.23472  -0.14731   0.23958   0.32543
  143  143   0.21553  -0.00220  -0.17696  -0.00913   0.16615  -0.08524   0.25854   0.21444
  144  144  -0.49673  -0.05825  -0.26597   0.06520  -0.10712  -0.08524   0.25854   0.21444
  145  145   0.16209  -0.08632   0.19237  -0.07433   0.02166   0.06114   0.26064   0.20161
  146  146   0.02037  -0.34488   0.04326  -0.24314  -0.08951  -0.07289   0.25739   0.22139
  147  147  -0.10869  -0.24446  -0.00948  -0.36079  -0.22513  -0.13888   0.25642   0.22729
  148  148  -0.35561   0.18983  -0.20568  -0.20312   0.40319   0.10409   0.26679   0.16349
  149  149  -0.00780   0.07940   0.32808  -0.33907  -0.45787  -0.07604   0.25510   0.23518
  150  150  -0.05863  -0.52568  -0.55345  -0.16485  -0.01532  -0.00630   0.25880   0.21288
  151  151   0.43598   0.06894  -0.32669  -0.70809  -0.09933  -0.08524   0.25854   0.21444
  152  152  -0.51526  -0.22186   0.09081  -0.06325   0.00648   0.06114   0.26064   0.20161
  153  153   0.03628  -0.00405  -0.50412  -0.34966  -0.07809  -0.01823   0.25924   0.21019
  154  154   0.02028  -0.31048   0.10780  -0.30310   0.00165  -0.15238   0.25077   0.26094
  155  155   0.38915  -0.02433   0.47626   0.11382   0.25359   0.12960   0.26266   0.18921
  156  156  -0.24712  -0.61701  -0.07911  -0.28988  -0.53008  -0.21519   0.25045   0.26282
  157  157   0.50374  -0.18085   0.13051  -0.09936   0.33857   0.21207   0.25217   0.25267
  158  158  -0.47498  -0.08857   0.02467   0.27324  -0.00659  -0.01823   0.25924   0.21019
  159  159   0.38843   0.06894   0.13330  -0.20069  -0.03701   0.11733   0.26155   0.19603
  160  160   0.44526  -0.04041   0.07259   0.24448   0.43268  -0.07289   0.25739   0.22139
  161  161   0.30563   0.11993  -0.48183   0.03534  -0.09818  -0.08524   0.25854   0.21444
  162  162  -0.04221  -0.51960  -0.09158  -0.26704  -0.09638  -0.08524   0.25854   0.21444
  163  163  -0.03038  -0.08377  -0.50476  -0.46991   0.23697  -0.10463   0.26132   0.19745
  164  164  -0.33951   0.18589   0.20446   0.14079   0.09310  -0.00630   0.25880   0.21288
  165  165  -0.10815  -0.28330  -0.55374  -0.41120  -0.02282  -0.15238   0.25077   0.26094
  166  166  -0.05025   0.21874  -0.26878  -0.19740   0.35477  -0.07289   0.25739   0.22139
  167  167  -0.05103   0.11752  -0.36521  -0.41327   0.16150  -0.10463   0.26132   0.19745
  168  168   0.13760   0.13683   0.61943   0.03231   0.51764   0.10211   0.25486   0.23668
  169  169  -0.35807  -0.28066   0.13102   0.31966  -0.55029  -0.07289   0.25739   0.22139
  170  170  -0.44847  -0.22151  -0.03633  -0.50815  -0.08632  -0.24003   0.25897   0.21180
  171  171  -0.34359   0.06521   0.08354  -0.10719  -0.09818  -0.14731   0.23958   0.32543
  172  172   0.27624  -0.29448  -0.04675  -0.38638  -0.11995  -0.08973   0.24042   0.32073
  173  173   0.07550  -0.22960   0.09187  -0.19740   0.09113   0.03759   0.25320   0.24654
  174  174  -0.49876  -0.01906  -0.32426  -0.09576  -0.22513  -0.15197   0.25813   0.21693
  175  175   0.35759  -0.41278   0.02049  -0.11116  -0.29570  -0.01065   0.25641   0.22735
  176  176  -0.14291  -0.17337   0.05756   0.17119  -0.00481   0.10211   0.25486   0.23668
  177  177  -0.72758  -0.35284  -0.03459   0.02762  -0.28663  -0.26942   0.25430   0.23998
  178  178  -0.01923  -0.50840   0.11048   0.03149   0.12799   0.19095   0.26210   0.19267
  179  179  -0.55438  -0.11169  -0.18435  -0.08285  -0.18556  -0.21849   0.25763   0.21996
  180  180  -0.13629  -0.27489  -0.93055  -0.36566  -0.35645  -0.26942   0.25430   0.23998
  181  181  -0.46609   0.01935  -0.09933  -0.32508  -0.12278  -0.08524   0.25854   0.21444
  182  182   0.52260   0.23258   0.03277   0.22279   0.41839   0.10409   0.26679   0.16349
  183  183   0.23017  -0.14935  -0.42457   0.00209   0.34121  -0.08941   0.25113   0.25884
  184  184  -0.38001   0.09873  -0.29457   0.01411  -0.16485  -0.03599   0.26272   0.18885
  185  185  -0.16218   0.12786   0.07966   0.04828  -0.27426  -0.03599   0.26272   0.18885
  186  186  -0.13142  -0.11605  -0.06099  -0.12620   0.27498  -0.08941   0.25113   0.25884
  187  187   0.00723   0.56603   0.39659   0.07779  -0.48497  -0.03599   0.26272   0.18885
  188  188  -0.20302  -0.39397  -0.11116   0.36957  -0.55345  -0.15238   0.25077   0.26094
  189  189   0.07788   0.16050   0.08850  -0.19160   0.21874  -0.03599   0.26272   0.18885
  190  190   0.15320   0.12696   0.10703   0.20166  -0.31246   0.03350   0.26459   0.17723
  191  191  -0.35809  -0.36041   0.02296  -0.31200  -0.01499  -0.17263   0.26022   0.20421
  192  192  -0.18857   0.12127   0.32263  -0.21212  -0.16268   0.03759   0.25320   0.24654
  193  193  -0.38386  -0.00318  -0.24712  -0.40237  -0.26436  -0.08941   0.25113   0.25884
  194  194  -0.11252  -0.83882   0.11615  -0.08632  -0.40237  -0.15238   0.25077   0.26094
  195  195  -0.04973  -0.20484   0.21131   0.10184   0.27042   0.03759   0.25320   0.24654
  196  196  -0.35645  -0.19029  -0.16966  -0.32679   0.27045  -0.10463   0.26132   0.19745
  197  197  -0.24023  -0.26436  -0.66820   0.18129  -0.12072  -0.26942   0.25430   0.23998
  198  198  -0.34966  -0.48566  -0.21062   0.02880  -0.38970  -0.26942   0.25430   0.23998
  199  199   0.09259   0.50548  -0.24620   0.23049  -0.03367   0.18602   0.26257   0.18975
  200  200   0.23017  -0.00913   0.36625  -0.05705   0.36656   0.30027   0.25854   0.21444
  201  201  -0.04214   0.16209  -0.14831  -0.27210   0.41372   0.04924   0.26032   0.20361
  202  202  -0.21219   0.29930  -0.39779   0.03534   0.18076  -0.01823   0.25924   0.21019
  203  203   0.47107  -0.32968  -0.19845   0.21874   0.07021   0.01491   0.25783   0.21873
  204  204  -0.07973  -0.16981  -0.14946  -0.16341  -0.12805  -0.08973   0.24042   0.32073
  205  205  -0.05454   0.48568   0.25944   0.00723   0.12347   0.12960   0.26266   0.18921
  206  206  -0.10815  -0.20916   0.05666  -0.15841  -0.24884  -0.08973   0.24042   0.32073
  207  207   0.02664   0.54193   0.32995   0.48599   0.44526   0.21987   0.26477   0.17614
  208  208   0.01099   0.04003   0.17197  -0.30473  -0.17078  -0.05106   0.25593   0.23021
  209  209   0.23205   0.30205   0.03277  -0.24884  -0.05618   0.12960   0.26266   0.18921
  210  210  -0.41911  -0.20436  -0.08835  -0.08857   0.23472  -0.21849   0.25763   0.21996
  211  211  -0.03836   0.05500   0.25012  -0.19927   0.66165   0.08755   0.24670   0.28476
  212  212  -0.29630  -0.11802  -0.43351  -0.50815  -0.22454  -0.31802   0.23700   0.33989
  213  213   0.55017   0.13731  -0.04357   0.14167   0.16779   0.11733   0.26155   0.19603
  214  214   0.04965   0.16050   0.09254   0.33232   0.08045  -0.00630   0.25880   0.21288
  215  215  -0.01180  -0.31727  -0.57061  -0.12346  -0.15841  -0.15197   0.25813   0.21693
  216  216  -0.24951  -0.20069  -0.53887   0.04719  -0.29457  -0.08524   0.25854   0.21444
  217  217  -0.15173  -0.15723  -0.24712  -0.12754  -0.41120  -0.15197   0.25813   0.21693
  218  218  -0.39388  -0.11252  -0.10913  -0.38128  -0.17101  -0.18071   0.25349   0.24486
  219  219   0.11014   0.27045  -0.04832   0.10673  -0.12754   0.21987   0.26477   0.17614
  220  220   0.38915   0.27308  -0.02184   0.04074  -0.40426  -0.05106   0.25593   0.23021
  221  221  -0.24695  -0.18629   0.17839  -0.30468  -0.28342  -0.20441   0.25554   0.23255
  222  222  -0.33331  -0.04002  -0.56400  -0.52329  -0.28988  -0.11619   0.25456   0.23846
  223  223   0.23691   0.54193  -0.11118   0.03191  -0.09776   0.18602   0.26257   0.18975
  224  224   0.09259  -0.16835  -0.55382  -0.03367   0.21062  -0.10463   0.26132   0.19745
  225  225  -0.27328   0.21146   0.11983  -0.06321   0.60992   0.03350   0.26459   0.17723
  226  226  -0.35111   0.16695  -0.44728  -0.46609   0.11104  -0.21849   0.25763   0.21996
  227  227  -0.43351   0.19932  -0.10781  -0.47316   0.20874  -0.08973   0.24042   0.32073
  228  228   0.34551   0.18968   0.64525   0.16924   0.55367   0.24869   0.27073   0.13861
  229  229   0.27324   0.02664  -0.13877  -0.23442  -0.08857  -0.02618   0.25190   0.25429
  230  230   0.39371   0.60680  -0.41445   0.16638   0.75559  -0.11619   0.25456   0.23846
  231  231  -0.08857  -0.35561  -0.18188  -0.03019   0.03231  -0.07289   0.25739   0.22139
  232  232  -0.09652   0.22143   0.20097   0.45543   0.12999   0.16748   0.25648   0.22692
  233  233  -0.15035  -0.16552  -0.15521   0.23234   0.14789  -0.08524   0.25854   0.21444
  234  234  -0.25360  -0.03966  -0.03701  -0.18435   0.19585   0.08198   0.26018   0.20447
  235  235  -0.15841   0.03558  -0.29651  -0.47554  -0.36079  -0.01823   0.25924   0.21019
  236  236   0.27110   0.20035   0.32192  -0.01800  -0.02590   0.06114   0.26064   0.20161
  237  237  -0.07911  -0.28177  -0.13486   0.18940   0.13070  -0.03599   0.26272   0.18885
  238  238  -0.13959  -0.12799  -0.01077   0.23997  -0.45353  -0.20457   0.23900   0.32868
  239  239   0.13080   0.68711   0.21561   0.46885   0.38085   0.30027   0.25854   0.21444
  240  240  -0.18857  -0.12376  -0.23201   0.07259  -0.28342  -0.02618   0.25190   0.25429
  241  241  -0.12569   0.04828   0.44019  -0.55438   0.02802  -0.03599   0.26272   0.18885
  242  242  -0.19400   0.01935  -0.20017  -0.29644   0.03631  -0.01823   0.25924   0.21019
  243  243   0.14317  -0.88447   0.38113  -0.07114   0.14772  -0.08941   0.25113   0.25884
  244  244  -0.15593   0.03231   0.10214   0.12737  -0.04060   0.09656   0.26473   0.17639
  245  245  -0.38638  -0.48183   0.15323  -0.46890   0.12182  -0.10463   0.26132   0.19745
  246  246   0.13216  -0.11252   0.13413   0.13238  -0.00260  -0.02618   0.25190   0.25429
  247  247  -0.26723  -0.38474   0.37141  -0.00228  -0.39599  -0.13888   0.25642   0.22729
  248  248  -0.46560  -0.06321  -0.04995   0.07974   0.21322  -0.10463   0.26132   0.19745
  249  249   0.23123   0.34523   0.46776   0.44526   0.43808   0.23361   0.25775   0.21927
  250  250  -0.12867   0.09300   0.07584  -0.27343   0.28598   0.03350   0.26459   0.17723
  251  251  -0.31048  -0.22513  -0.21741  -0.23107   0.06440  -0.21849   0.25763   0.21996
  252  252   0.04719  -0.84779   0.11118   0.14347  -0.03038  -0.01823   0.25924   0.21019
  253  253   0.63843  -0.16899   0.21967   0.16695   0.68246   0.10211   0.25486   0.23668
  254  254  -0.36041   0.15323  -0.21062  -0.10045  -0.34114  -0.23976   0.25524   0.23435
  255  255  -0.27292   0.02268  -0.25434  -0.25995   0.02464  -0.01605   0.27254   0.12709
  256  256   0.36048   0.23017   0.39293   0.40319   0.22105   0.32234   0.27194   0.13093
  257  257  -0.18085   0.34985   0.08354  -0.04214   0.11379  -0.02618   0.25190   0.25429
  258  258   0.05759   0.14789   0.63485   0.27743   0.03641   0.10211   0.25486   0.23668
  259  259  -0.02910  -0.52503   0.03105   0.72841  -0.30113   0.03350   0.26459   0.17723
  260  260   0.27358   0.49524   0.09378   0.08413   0.48978   0.32437   0.26310   0.18647
  261  261  -0.05939   0.11498  -0.06282   0.00060   0.21057   0.12960   0.26266   0.18921
  262  262   0.09873   0.47626  -0.07529  -0.20216   0.43828   0.11733   0.26155   0.19603
  263  263   0.72841   0.04584  -0.11509  -0.22731   0.53657   0.16748   0.25648   0.22692
  264  264   0.57337  -0.14422  -0.46991  -0.47498  -0.17171  -0.26153   0.23826   0.33287
  265  265   0.36723  -0.07301   0.09522  -0.38109  -0.05705   0.03350   0.26459   0.17723
  266  266  -0.09379  -0.09208   0.02246  -0.13278   0.48457   0.01491   0.25783   0.21873
  267  267   0.27397  -0.12480  -0.28551   0.00431  -0.23235  -0.08524   0.25854   0.21444
  268  268  -0.18227  -0.01923   0.00182  -0.12634   0.49992  -0.01823   0.25924   0.21019
  269  269   0.02037  -0.07107  -0.45003  -0.12017  -0.03876  -0.08524   0.25854   0.21444
  270  270  -0.09201  -0.45167  -0.20134   0.02037   0.13683   0.10409   0.26679   0.16349
  271  271  -0.12867   0.02599  -0.22442   0.03822   0.23185  -0.02618   0.25190   0.25429
  272  272   0.51916   0.14438   0.00617  -0.17480  -0.08480  -0.08941   0.25113   0.25884
  273  273  -0.06542   0.22549  -0.00545   0.16856  -0.26265   0.10409   0.26679   0.16349
  274  274  -0.25076  -0.36448  -0.14935   0.03336   0.23205  -0.00630   0.25880   0.21288
  275  275  -0.43706  -0.05454   0.53531   0.66165   0.27913   0.10409   0.26679   0.16349
  276  276   0.55367  -0.16218  -0.17696  -0.27210  -0.22018  -0.14089   0.25425   0.24030
  277  277  -0.01052  -0.19400   0.41586  -0.56710  -0.23442  -0.03599   0.26272   0.18885
  278  278  -0.30113   0.21707  -0.28330  -0.11293  -0.03701  -0.08941   0.25113   0.25884
  279  279   0.51431  -0.03523   0.88156   0.33593   0.00460   0.21207   0.25217   0.25267
  280  280  -0.04728  -0.09382  -0.66820  -0.21888  -0.27643  -0.05082   0.28325   0.05714
  281  281  -0.33494  -0.14445  -0.00558  -0.33254  -0.24667  -0.07604   0.25510   0.23518
  282  282  -0.23442   0.48389   0.02706  -0.07932  -0.16941   0.04924   0.26032   0.20361
  283  283   0.13080   0.23697   0.61943   0.45237  -0.18135   0.16748   0.25648   0.22692
  284  284  -0.09933   0.21008   0.32243   0.09300  -0.23127   0.02737   0.24401   0.30029
  285  285  -0.16981   0.04442   0.31140   0.12999   0.46847  -0.05106   0.25593   0.23021
  286  286  -0.51526   0.04552   0.21821  -0.73231   0.41318  -0.14731   0.23958   0.32543
  287  287  -0.25391  -0.13304   0.11993  -0.11509   0.27737   0.06114   0.26064   0.20161
  288  288  -0.24815  -0.41278  -0.39779  -0.35214  -0.04060  -0.10463   0.26132   0.19745
  289  289   0.28989  -0.51864  -0.17337   0.06717   0.41063   0.12960   0.26266   0.18921
  290  290   0.23032  -0.17337   0.32696   0.16615   0.41541   0.10409   0.26679   0.16349
  291  291  -0.23232  -0.24314  -0.35342  -0.23915  -0.03720   0.12960   0.26266   0.18921
  292  292   0.27913   0.09310   0.31918   0.06805   0.08794  -0.08973   0.24042   0.32073
  293  293   0.10673  -0.49099  -0.30334  -0.13629  -0.28448  -0.13888   0.25642   0.22729
  294  294   0.11704   0.27595  -0.34045  -0.29457   0.30205  -0.08524   0.25854   0.21444
  295  295   0.03069   0.08962  -0.25391  -0.08176  -0.00150   0.03759   0.25320   0.24654
  296  296  -0.00545   0.04719  -0.18364  -0.14092  -0.25908   0.01491   0.25783   0.21873
  297  297  -0.33971  -0.36539  -0.16268   0.09614   0.22279  -0.08524   0.25854   0.21444
  298  298  -0.09981   0.31670  -0.13124  -0.35807  -0.05825  -0.20441   0.25554   0.23255
  299  299  -0.23543  -0.14865   0.11244   0.18781  -0.43213   0.03350   0.26459   0.17723
  300  300   0.16695  -0.06321  -0.33143  -0.17123  -0.29345  -0.15238   0.25077   0.26094
  301  301  -0.52329  -0.23127  -0.11116   0.07728  -0.12634  -0.20441   0.25554   0.23255
  302  302  -0.14670  -0.29651  -0.13304   0.13065  -0.04370  -0.07289   0.25739   0.22139
  303  303   0.08660   0.01505   0.09614   0.04902   0.37039   0.25513   0.26310   0.18649
  304  304   0.27539   0.13683   0.41389  -0.09243   0.11775   0.10211   0.25486   0.23668
  305  305  -0.12278  -0.06646  -0.12569   0.74709  -0.22015   0.03350   0.26459   0.17723
  306  306   0.17317  -0.11059   0.20778  -0.08567  -0.35111  -0.08524   0.25854   0.21444
  307  307  -0.09031  -0.28342  -0.01594   0.03105   0.08280  -0.08941   0.25113   0.25884
  308  308  -0.03624   0.27624   0.15646  -0.23127  -0.23915   0.03350   0.26459   0.17723
  309  309  -0.04950  -0.25434  -0.31727  -0.16108  -0.52803  -0.18071   0.25349   0.24486
  310  310   0.36137  -0.11459  -0.46890  -0.13629   0.01386  -0.07289   0.25739   0.22139
  311  311   0.36723  -0.30468   0.34154  -0.16041   0.49115   0.19908   0.26446   0.17808
  312  312  -0.12325   0.22279  -0.04437   0.31670   0.45395   0.12273   0.26023   0.20414
  313  313  -0.21077  -0.03282   0.64016  -0.08567  -0.26265   0.03350   0.26459   0.17723
  314  314  -0.15723   0.27807   0.34012  -0.26265  -0.27426  -0.10463   0.26132   0.19745
  315  315  -0.24023  -0.34233  -0.01468   0.32808   0.33857   0.21207   0.25217   0.25267
  316  316  -0.03523   0.07805  -0.35200  -0.49488   0.32142   0.00734   0.27611   0.10403
  317  317   0.39580   0.05756   0.00165   0.13907   0.27498   0.19908   0.26446   0.17808
  318  318   0.36625  -0.15431   0.06179   0.01411   0.01951   0.04924   0.26032   0.20361
  319  319  -0.31048   0.30959   0.03672   0.22064   0.03822   0.03350   0.26459   0.17723
  320  320   0.08660   0.74709  -0.49099  -0.01782  -0.09560   0.12273   0.26023   0.20414
  321  321   0.12675  -0.24311  -0.33494   0.38113  -0.25791  -0.00630   0.25880   0.21288
  322  322  -0.46910  -0.12342  -0.16981  -0.03432  -0.19389  -0.08941   0.25113   0.25884
  323  323   0.06717   0.04552  -0.08480   0.44345  -0.19330  -0.08941   0.25113   0.25884
  324  324  -0.03029  -0.04060   0.02762   0.41660  -0.22549   0.14912   0.24955   0.26812
  325  325   0.30804  -0.20110   0.26655  -0.31570  -0.41490   0.04924   0.26032   0.20361
  326  326  -0.10672  -0.28546  -0.09727   0.06717   0.68711  -0.02618   0.25190   0.25429
  327  327  -0.01566   0.04326   0.35759  -0.15892   0.15633   0.03759   0.25320   0.24654
  328  328  -0.09936   0.08126  -0.67062   0.09525   0.01262  -0.15238   0.25077   0.26094
  329  329  -0.40112   0.01374   0.13794   0.28696   0.45540   0.10409   0.26679   0.16349
  330  330  -0.05896  -0.17171  -0.28888  -0.32508  -0.29501  -0.02618   0.25190   0.25429
  331  331  -0.13312  -0.02627   0.06141  -0.10856  -0.21759  -0.03599   0.26272   0.18885
  332  332  -0.28269  -0.48964  -0.03282   0.09873   0.60988  -0.03599   0.26272   0.18885
  333  333   0.34551  -0.22015  -0.02853  -0.34114  -0.01983   0.10409   0.26679   0.16349
  334  334   0.25430  -0.22018   0.08045  -0.04271  -0.03019  -0.10463   0.26132   0.19745
  335  335   0.20725   0.15387   0.07779  -0.04260   0.20359   0.12960   0.26266   0.18921
  336  336   0.17107  -0.18102  -0.13486  -0.51731   0.25430  -0.08941   0.25113   0.25884
  337  337   0.01652  -0.36566  -0.47554   0.08413  -0.24311  -0.10463   0.26132   0.19745
  338  338  -0.18227   0.23234  -0.34114  -0.72758  -0.23311  -0.03599   0.26272   0.18885
  339  339   0.37371  -0.16485  -0.50412  -0.57508   0.13024  -0.15238   0.25077   0.26094
  340  340  -0.23201   0.24812  -0.22683  -0.34966   0.21005   0.24869   0.27073   0.13861
  341  341  -0.57474  -0.03367  -0.60036  -0.13613  -0.30461  -0.24003   0.25897   0.21180
  342  342  -0.24667   0.02664  -0.22018  -0.14234  -0.21741  -0.02618   0.25190   0.25429
  343  343  -0.55029  -0.00051  -0.04352  -0.65308  -0.05355  -0.10463   0.26132   0.19745
  344  344   0.26812   0.07031   0.44832   0.46113   0.27595   0.17586   0.26896   0.14987
  345  345   0.30713  -0.28184  -0.15841  -0.02230   0.46648   0.23361   0.25775   0.21927
  346  346  -0.00770  -0.03523  -0.16239   0.12434  -0.00905  -0.02618   0.25190   0.25429
  347  347   0.14438  -0.29501   0.02762   0.23412   0.51741   0.03759   0.25320   0.24654
  348  348   0.13065   0.14044  -0.26518   0.16614   0.12760   0.03759   0.25320   0.24654
  349  349  -0.15431  -0.14831  -0.12033   0.11448   0.29914  -0.05106   0.25593   0.23021
  350  350  -0.41327  -0.17679   0.09310  -0.05064   0.28231  -0.10463   0.26132   0.19745
  351  351  -0.49673  -0.12068   0.00723   0.13330  -0.00712  -0.03599   0.26272   0.18885
  352  352   0.11953  -0.33745  -0.30287   0.17119  -0.39372  -0.11619   0.25456   0.23846
  353  353  -0.10370  -0.13544   0.08488   0.05867  -0.11224   0.03759   0.25320   0.24654
  354  354  -0.24311  -0.36718  -0.34643  -0.26265   0.27521  -0.17263   0.26022   0.20421
  355  355   0.18129  -0.19029  -0.16552  -0.22965  -0.25366  -0.01605   0.27254   0.12709
  356  356  -0.03836  -0.34045   0.09113  -0.00266  -0.03099  -0.08941   0.25113   0.25884
  357  357   0.54707   0.71564   0.41312   0.03069   0.09798   0.24869   0.27073   0.13861
  358  358   0.71564   0.41541   0.46914   0.08280   0.15379   0.30027   0.25854   0.21444
  359  359  -0.57383   0.02028  -0.27643  -0.34233  -0.51442  -0.21519   0.25045   0.26282
  360  360  -0.56710  -0.24600  -0.10706   0.08407  -0.45167  -0.17263   0.26022   0.20421
  361  361   0.11577   0.25956  -0.04192  -0.03025  -0.28330  -0.08941   0.25113   0.25884
  362  362   0.29874   0.27624  -0.30461  -0.18629   1.01618   0.12960   0.26266   0.18921
  363  363  -0.00469  -0.06282   0.37692  -0.37701  -0.53008  -0.10463   0.26132   0.19745
  364  364  -0.55345  -0.06947   0.05174  -0.17657   0.21057  -0.08941   0.25113   0.25884
  365  365  -0.28448  -0.17584  -0.02926   0.41318   0.17833  -0.02618   0.25190   0.25429
  366  366   0.28696  -0.48497   0.23142   0.04266   0.47261   0.03350   0.26459   0.17723
  367  367  -0.24400  -0.01800  -0.37729  -0.31401  -0.16268  -0.02618   0.25190   0.25429
  368  368  -0.12889   0.18781   0.54479  -0.28901  -0.33190   0.03759   0.25320   0.24654
  369  369   0.23234   0.27913   0.26240   0.05962   0.06922  -0.02618   0.25190   0.25429
  370  370   0.13080  -0.21212   0.14347   0.13751   0.20027   0.19908   0.26446   0.17808
  371  371   0.55367   0.47626   0.32263  -0.07809   0.08794   0.10409   0.26679   0.16349
  372  372  -0.14549  -0.13486   0.20027  -0.26723  -0.04950  -0.08524   0.25854   0.21444
  373  373  -0.03029  -0.10370   0.07550   0.39371   0.23258  -0.02618   0.25190   0.25429
  374  374  -0.09825  -0.11224   0.37219   0.17197   0.12696   0.06114   0.26064   0.20161
  375  375   0.18953   0.09378   0.18648   0.30959   0.13336   0.24869   0.27073   0.13861
  376  376  -0.19029  -0.25908  -0.19179  -0.25791  -0.14998  -0.24003   0.25897   0.21180
  377  377  -0.50305   0.17220  -0.07301   0.16360   0.25012  -0.08524   0.25854   0.21444
  378  378   0.07150   0.31966   0.13794   0.23648   0.26871   0.16748   0.25648   0.22692
  379  379   0.08978   0.00156  -0.03166  -0.19029  -0.11995   0.03759   0.25320   0.24654
  380  380   0.02664   0.34121  -0.10869   0.23908   0.14789   0.17586   0.26896   0.14987
  381  381  -0.08377   0.09499   0.07627  -0.30859  -0.26723  -0.08524   0.25854   0.21444
  382  382   0.23017   0.64525   0.58838   0.16258  -0.50815   0.01491   0.25783   0.21873
  383  383  -0.03432   0.60988   0.25430   0.21057   0.20697   0.11733   0.26155   0.19603
  384  384   0.36410   0.10498   0.39807   0.00980   0.25944   0.08198   0.26018   0.20447
  385  385   0.06932  -0.50815  -0.10834   0.19888   0.13146   0.03759   0.25320   0.24654
  386  386  -0.39148  -0.07458  -0.22807  -0.45099   0.02481  -0.15238   0.25077   0.26094
  387  387  -0.21891  -0.01422  -0.07977   0.10160  -0.08776  -0.03599   0.26272   0.18885
  388  388  -0.05896  -0.04619   0.45543  -0.05618  -0.62868  -0.03599   0.26272   0.18885
  389  389   0.28805  -0.00780   0.15583   0.24276   0.34758   0.16748   0.25648   0.22692
  390  390  -0.20610  -0.22186  -0.28342  -0.45099  -0.32327  -0.26153   0.23826   0.33287
  391  391   0.11104   0.49241   0.21748  -0.01390   0.41766   0.16735   0.26737   0.15985
  392  392  -0.39779   0.48599   0.03280   0.41640   0.39389   0.04924   0.26032   0.20361
  393  393  -0.26132  -0.27776  -0.48626  -0.07011  -0.00469  -0.07289   0.25739   0.22139
  394  394  -0.21156  -0.23695   0.14167  -0.00132  -0.23127   0.06114   0.26064   0.20161