1  1   6.00000  11.00000   0.29569   0.55618
2  2   7.00000  12.00000   0.77393   0.50086
3  3   5.00000  11.00000  -0.01605   0.56264
4  4   6.00000  11.00000   0.29569   0.55618
5  5   7.00000  12.00000   0.77393   0.50086
6  6   4.00000  10.00000  -0.53508   0.58758
7  7   8.00000  14.00000   0.08812   0.44213
8  8   2.00000  12.00000  -0.97503   0.81267
9  9   2.00000   8.00000  -0.60976   0.69424
10  10   4.00000   8.00000   0.19119   0.60821
11  11   4.00000  12.00000  -0.06187   0.58309
12  12   9.00000  12.00000   0.91692   0.54252
13  13   7.00000  12.00000   0.77393   0.50086
14  14   6.00000   8.00000   1.01556   0.71206
15  15   4.00000   8.00000   0.19119   0.60821
16  16   5.00000  11.00000  -0.01605   0.56264
17  17   5.00000  12.00000  -0.08744   0.50976
18  18   0.30000   8.00000  -2.25039   1.70092
19  19   1.70000   2.00000   1.87672   1.74986
20  20   3.00000  12.00000  -0.69046   0.60625
21  21   7.00000  12.00000   0.54379   0.54534
22  22   4.00000   8.00000   0.19119   0.60821
23  23   2.00000   8.00000  -0.60976   0.69424
24  24   6.00000  11.00000   0.29569   0.55618
25  25   3.00000  11.00000  -0.71699   0.64233
26  26   0.30000   8.00000  -2.25039   1.70092
27  27   1.00000  12.00000  -1.88206   1.05133
28  28   3.00000  11.00000  -0.71699   0.64233
29  29   7.00000  12.00000   0.40222   0.48919
30  30   4.00000   8.00000   0.19119   0.60821
31  31   7.00000  11.00000   0.60705   0.56203
32  32   6.00000  14.00000  -0.28423   0.42849
33  33   8.00000  11.00000   0.93478   0.58755
34  34   2.00000  12.00000  -0.97503   0.81267
35  35  10.00000  12.00000   1.25639   0.63445
36  36  11.00000  14.00000   0.81478   0.56748
37  37   2.00000  12.00000  -0.97503   0.81267
38  38   5.00000  12.00000  -0.08744   0.50976
39  39   4.00000  12.00000  -0.06187   0.58309
40  40  13.00000  14.00000   1.81482   0.94048
41  41   6.00000  11.00000   0.29569   0.55618
42  42   6.00000  14.00000  -0.28423   0.42849
43  43   7.00000  14.00000  -0.10101   0.42955
44  44   2.00000  12.00000  -0.97503   0.81267
45  45   6.00000  11.00000   0.29569   0.55618
46  46   2.00000   8.00000  -0.60976   0.69424
47  47   6.00000  11.00000   0.29569   0.55618
48  48   7.00000  11.00000   0.60705   0.56203
49  49   6.00000  12.00000   0.16250   0.49245
50  50   3.00000   8.00000  -0.18381   0.62337
51  51  10.00000  14.00000   0.52901   0.50597
52  52   5.00000   8.00000   0.57180   0.63240
53  53   7.00000  11.00000   0.60705   0.56203
54  54  10.00000  12.00000   1.68347   0.66763
55  55   7.00000  13.00000   0.07287   0.54628
56  56   2.00000   8.00000  -0.60976   0.69424
57  57   9.00000  11.00000   1.31717   0.66087
58  58   2.00000  12.00000  -0.97503   0.81267
59  59   3.00000  12.00000  -0.44481   0.66080
60  60  12.00000  14.00000   1.19493   0.67605
61  61   7.00000  12.00000   0.40222   0.48919
62  62  11.00000  12.00000   2.31096   0.96542
63  63   3.00000   8.00000  -0.18381   0.62337
64  64   4.00000  12.00000  -0.06187   0.58309
65  65   1.00000   8.00000  -1.22878   0.92202
66  66   1.00000   5.00000  -0.31388   0.93163
67  67   7.00000  12.00000   0.40222   0.48919
68  68   4.00000  12.00000  -0.06187   0.58309
69  69   1.00000  12.00000  -1.92971   1.18973
70  70   7.00000  11.00000   0.60705   0.56203
71  71   8.00000  11.00000   0.93478   0.58755
72  72   5.00000   8.00000   0.57180   0.63240
73  73   4.00000  12.00000  -0.06187   0.58309
74  74   4.00000   8.00000   0.19119   0.60821
75  75   2.00000  12.00000  -0.97503   0.81267
76  76  10.00000  11.00000   1.88716   0.89320
77  77   3.00000  12.00000  -0.69046   0.60625
78  78   5.00000  12.00000   0.24928   0.53593
79  79   9.00000  12.00000   0.91692   0.54252
80  80   7.00000  12.00000   0.40222   0.48919
81  81   6.00000  14.00000  -0.28423   0.42849
82  82   6.00000  12.00000   0.16250   0.49245
83  83   4.00000  12.00000  -0.06187   0.58309
84  84   4.00000  12.00000  -0.36324   0.54375
85  85   4.00000  11.00000  -0.34392   0.58625
86  86   3.00000  12.00000  -0.67897   0.61416
87  87   4.00000  11.00000  -0.34392   0.58625
88  88   6.00000  11.00000   0.29569   0.55618
89  89   4.00000  12.00000  -0.36324   0.54375
90  90   8.00000  12.00000   0.64659   0.50277
91  91   3.00000  12.00000  -0.44481   0.66080
92  92   7.00000  12.00000   0.40222   0.48919
93  93   7.70000   8.00000   2.74956   1.74024
94  94   1.00000   3.00000   0.15885   0.90641
95  95   5.00000  14.00000  -0.47181   0.43996
96  96   4.00000  12.00000  -0.06187   0.58309
97  97   9.00000  10.00000   1.69011   0.99565
98  98   7.00000  12.00000   0.40222   0.48919
99  99   5.00000  12.00000  -0.08744   0.50976
100  100   7.00000  12.00000   0.40222   0.48919
101  101   6.00000  11.00000   0.29569   0.55618
103  103   3.00000  12.00000  -0.44481   0.66080
104  104   2.00000   8.00000  -0.60976   0.69424
105  105   2.00000   8.00000  -0.60976   0.69424
106  106   5.00000   8.00000   0.57180   0.63240
107  107  10.00000  12.00000   1.25639   0.63445
108  108   4.00000  12.00000  -0.36324   0.54375
109  109  10.00000  14.00000   0.52901   0.50597
110  110   5.00000  13.00000  -0.52680   0.56164
111  111   8.00000  11.00000   0.93478   0.58755
112  112   4.00000  12.00000  -0.36324   0.54375
113  113   9.00000  12.00000   0.91692   0.54252
114  114   6.00000  11.00000   0.29569   0.55618
115  115   6.00000  12.00000   0.52065   0.50889
116  116   5.00000  12.00000   0.24928   0.53593
117  117   5.00000   8.00000   0.57180   0.63240
118  118   3.00000  12.00000  -0.44481   0.66080
119  119   4.00000  12.00000  -0.36324   0.54375
120  120   2.00000   8.00000  -0.60976   0.69424
121  121   6.00000   8.00000   1.01556   0.71206
122  122   3.00000   8.00000  -0.18381   0.62337
123  123   8.00000  14.00000   0.08812   0.44213
124  124   2.00000  11.00000  -1.20306   0.76689
125  125  10.00000  14.00000   0.52901   0.50597
126  126   3.00000  12.00000  -0.44481   0.66080
127  127   6.00000  12.00000   0.25349   0.53485
128  128   8.00000  14.00000   0.08812   0.44213
129  129   5.00000  11.00000  -0.01605   0.56264
130  130   4.00000  11.00000  -0.34392   0.58625
131  131   5.00000  11.00000  -0.01605   0.56264
132  132   5.00000  14.00000  -0.47181   0.43996
133  133   8.00000  14.00000   0.08812   0.44213
134  134   3.00000  12.00000  -0.44481   0.66080
135  135   2.00000  12.00000  -0.97503   0.81267
136  136   5.00000  11.00000  -0.01605   0.56264
137  137   6.00000  12.00000   0.25349   0.53485
138  138   6.70000   7.00000   2.28994   1.71409
139  139   6.00000  14.00000  -0.28423   0.42849
140  140   3.00000  11.00000  -0.71699   0.64233
141  141   5.00000  12.00000   0.24928   0.53593
142  142   5.00000  14.00000  -0.47181   0.43996
143  143   3.00000  12.00000  -0.44481   0.66080
144  144   3.00000  12.00000  -0.44481   0.66080
145  145   6.00000  11.00000   0.29569   0.55618
146  146   4.00000  11.00000  -0.34392   0.58625
147  147   3.00000  11.00000  -0.71699   0.64233
148  148   5.00000   8.00000   0.57180   0.63240
149  149   4.00000  12.00000  -0.33595   0.56296
150  150   5.00000  11.00000  -0.01605   0.56264
151  151   3.00000  12.00000  -0.44481   0.66080
152  152   6.00000  11.00000   0.29569   0.55618
153  153   4.00000  12.00000  -0.06187   0.58309
154  154   3.00000  12.00000  -0.69046   0.60625
155  155   7.00000  11.00000   0.60705   0.56203
156  156   2.00000  12.00000  -1.12887   0.73196
157  157  11.00000  14.00000   0.81478   0.56748
158  158   4.00000  12.00000  -0.06187   0.58309
159  159   6.00000  12.00000   0.52065   0.50889
160  160   4.00000  11.00000  -0.34392   0.58625
161  161   3.00000  12.00000  -0.44481   0.66080
162  162   3.00000  12.00000  -0.44481   0.66080
163  163   2.00000   8.00000  -0.60976   0.69424
164  164   5.00000  11.00000  -0.01605   0.56264
165  165   3.00000  12.00000  -0.69046   0.60625
166  166   4.00000  11.00000  -0.34392   0.58625
167  167   2.00000   8.00000  -0.60976   0.69424
168  168   7.00000  12.00000   0.40222   0.48919
169  169   4.00000  11.00000  -0.34392   0.58625
170  170   0.30000   8.00000  -2.25039   1.70092
171  171   5.00000  14.00000  -0.47181   0.43996
172  172   6.00000  14.00000  -0.28423   0.42849
173  173   6.00000  12.00000   0.16250   0.49245
174  174   2.00000  12.00000  -0.97503   0.81267
175  175   5.00000  12.00000  -0.03383   0.53982
176  176   7.00000  12.00000   0.40222   0.48919
177  177   1.00000  11.00000  -2.01353   1.07814
178  178   8.00000  12.00000   0.85494   0.57360
179  179   1.00000  12.00000  -1.92971   1.18973
180  180   1.00000  11.00000  -2.01353   1.07814
181  181   3.00000  12.00000  -0.44481   0.66080
182  182   5.00000   8.00000   0.57180   0.63240
183  183   4.00000  12.00000  -0.36324   0.54375
184  184   3.00000   8.00000  -0.18381   0.62337
185  185   3.00000   8.00000  -0.18381   0.62337
186  186   4.00000  12.00000  -0.36324   0.54375
187  187   3.00000   8.00000  -0.18381   0.62337
188  188   3.00000  12.00000  -0.69046   0.60625
189  189   3.00000   8.00000  -0.18381   0.62337
190  190   4.00000   8.00000   0.19119   0.60821
191  191   1.00000   8.00000  -1.22878   0.92202
192  192   6.00000  12.00000   0.16250   0.49245
193  193   4.00000  12.00000  -0.36324   0.54375
194  194   3.00000  12.00000  -0.69046   0.60625
195  195   6.00000  12.00000   0.16250   0.49245
196  196   2.00000   8.00000  -0.60976   0.69424
197  197   1.00000  11.00000  -2.01353   1.07814
198  198   1.00000  11.00000  -2.01353   1.07814
199  199   7.00000  12.00000   0.77393   0.50086
200  200  10.00000  12.00000   1.25639   0.63445
201  201   5.00000  12.00000   0.24928   0.53593
202  202   4.00000  12.00000  -0.06187   0.58309
203  203   7.00000  13.00000   0.07287   0.54628
204  204   6.00000  14.00000  -0.28423   0.42849
205  205   7.00000  11.00000   0.60705   0.56203
206  206   6.00000  14.00000  -0.28423   0.42849
207  207  10.00000  13.00000   1.12997   0.67612
208  208   6.00000  13.00000  -0.22288   0.54438
209  209   7.00000  11.00000   0.60705   0.56203
210  210   1.00000  12.00000  -1.92971   1.18973
211  211   9.00000  14.00000   0.29371   0.46673
212  212   2.00000  14.00000  -1.23733   0.62270
213  213   6.00000  12.00000   0.52065   0.50889
214  214   5.00000  11.00000  -0.01605   0.56264
215  215   2.00000  12.00000  -0.97503   0.81267
216  216   3.00000  12.00000  -0.44481   0.66080
217  217   2.00000  12.00000  -0.97503   0.81267
218  218   4.00000  13.00000  -0.86321   0.60262
219  219  10.00000  13.00000   1.12997   0.67612
220  220   6.00000  13.00000  -0.22288   0.54438
221  221   2.00000  11.00000  -1.20306   0.76689
222  222   5.00000  13.00000  -0.52680   0.56164
223  223   7.00000  12.00000   0.77393   0.50086
224  224   2.00000   8.00000  -0.60976   0.69424
225  225   4.00000   8.00000   0.19119   0.60821
226  226   1.00000  12.00000  -1.92971   1.18973
227  227   6.00000  14.00000  -0.28423   0.42849
228  228   7.00000   8.00000   1.67089   0.95040
229  229   5.00000  12.00000  -0.08744   0.50976
230  230   5.00000  13.00000  -0.52680   0.56164
231  231   4.00000  11.00000  -0.34392   0.58625
232  232   8.00000  12.00000   0.64659   0.50277
233  233   3.00000  12.00000  -0.44481   0.66080
234  234   8.00000  13.00000   0.38061   0.56620
235  235   4.00000  12.00000  -0.06187   0.58309
236  236   6.00000  11.00000   0.29569   0.55618
237  237   3.00000   8.00000  -0.18381   0.62337
238  238   4.00000  14.00000  -0.67627   0.46739
239  239  10.00000  12.00000   1.25639   0.63445
240  240   5.00000  12.00000  -0.08744   0.50976
241  241   3.00000   8.00000  -0.18381   0.62337
242  242   4.00000  12.00000  -0.06187   0.58309
243  243   4.00000  12.00000  -0.36324   0.54375
244  244   7.00000  10.00000   0.51418   0.63766
245  245   2.00000   8.00000  -0.60976   0.69424
246  246   5.00000  12.00000  -0.08744   0.50976
247  247   3.00000  11.00000  -0.71699   0.64233
248  248   2.00000   8.00000  -0.60976   0.69424
249  249   9.00000  12.00000   0.91692   0.54252
250  250   4.00000   8.00000   0.19119   0.60821
251  251   1.00000  12.00000  -1.92971   1.18973
252  252   4.00000  12.00000  -0.06187   0.58309
253  253   7.00000  12.00000   0.40222   0.48919
254  254   2.00000  10.00000  -1.36576   0.74041
255  255   3.00000   5.00000  -0.12692   0.75048
256  256   7.70000   8.00000   2.74956   1.74024
257  257   5.00000  12.00000  -0.08744   0.50976
258  258   7.00000  12.00000   0.40222   0.48919
259  259   4.00000   8.00000   0.19119   0.60821
260  260   9.00000  12.00000   1.31496   0.56000
261  261   7.00000  11.00000   0.60705   0.56203
262  262   6.00000  12.00000   0.52065   0.50889
263  263   8.00000  12.00000   0.64659   0.50277
264  264   3.00000  14.00000  -0.91740   0.51967
265  265   4.00000   8.00000   0.19119   0.60821
266  266   7.00000  13.00000   0.07287   0.54628
267  267   3.00000  12.00000  -0.44481   0.66080
268  268   4.00000  12.00000  -0.06187   0.58309
269  269   3.00000  12.00000  -0.44481   0.66080
270  270   5.00000   8.00000   0.57180   0.63240
271  271   5.00000  12.00000  -0.08744   0.50976
272  272   4.00000  12.00000  -0.36324   0.54375
273  273   5.00000   8.00000   0.57180   0.63240
274  274   5.00000  11.00000  -0.01605   0.56264
275  275   5.00000   8.00000   0.57180   0.63240
276  276   3.00000  12.00000  -0.67897   0.61416
277  277   3.00000   8.00000  -0.18381   0.62337
278  278   4.00000  12.00000  -0.36324   0.54375
279  279  11.00000  14.00000   0.81478   0.56748
280  280   0.30000   2.00000  -0.68891   1.74982
281  281   4.00000  12.00000  -0.33595   0.56296
282  282   5.00000  12.00000   0.24928   0.53593
283  283   8.00000  12.00000   0.64659   0.50277
284  284   8.00000  14.00000   0.08812   0.44213
285  285   6.00000  13.00000  -0.22288   0.54438
286  286   5.00000  14.00000  -0.47181   0.43996
287  287   6.00000  11.00000   0.29569   0.55618
288  288   2.00000   8.00000  -0.60976   0.69424
289  289   7.00000  11.00000   0.60705   0.56203
290  290   5.00000   8.00000   0.57180   0.63240
291  291   7.00000  11.00000   0.60705   0.56203
292  292   6.00000  14.00000  -0.28423   0.42849
293  293   3.00000  11.00000  -0.71699   0.64233
294  294   3.00000  12.00000  -0.44481   0.66080
295  295   6.00000  12.00000   0.16250   0.49245
296  296   7.00000  13.00000   0.07287   0.54628
297  297   3.00000  12.00000  -0.44481   0.66080
298  298   2.00000  11.00000  -1.20306   0.76689
299  299   4.00000   8.00000   0.19119   0.60821
300  300   3.00000  12.00000  -0.69046   0.60625
301  301   2.00000  11.00000  -1.20306   0.76689
302  302   4.00000  11.00000  -0.34392   0.58625
303  303   8.00000  12.00000   1.02965   0.51463
304  304   7.00000  12.00000   0.40222   0.48919
305  305   4.00000   8.00000   0.19119   0.60821
306  306   3.00000  12.00000  -0.44481   0.66080
307  307   4.00000  12.00000  -0.36324   0.54375
308  308   4.00000   8.00000   0.19119   0.60821
309  309   4.00000  13.00000  -0.86321   0.60262
310  310   4.00000  11.00000  -0.34392   0.58625
311  311   8.00000  11.00000   0.93478   0.58755
312  312   7.00000  12.00000   0.54379   0.54534
313  313   4.00000   8.00000   0.19119   0.60821
314  314   2.00000   8.00000  -0.60976   0.69424
315  315  11.00000  14.00000   0.81478   0.56748
316  316   2.00000   4.00000   0.07786   0.83769
317  317   8.00000  11.00000   0.93478   0.58755
318  318   5.00000  12.00000   0.24928   0.53593
319  319   4.00000   8.00000   0.19119   0.60821
320  320   7.00000  12.00000   0.54379   0.54534
321  321   5.00000  11.00000  -0.01605   0.56264
322  322   4.00000  12.00000  -0.36324   0.54375
323  323   4.00000  12.00000  -0.36324   0.54375
324  324  10.00000  14.00000   0.52901   0.50597
325  325   5.00000  12.00000   0.24928   0.53593
326  326   5.00000  12.00000  -0.08744   0.50976
327  327   6.00000  12.00000   0.16250   0.49245
328  328   3.00000  12.00000  -0.69046   0.60625
329  329   5.00000   8.00000   0.57180   0.63240
330  330   5.00000  12.00000  -0.08744   0.50976
331  331   3.00000   8.00000  -0.18381   0.62337
332  332   3.00000   8.00000  -0.18381   0.62337
333  333   5.00000   8.00000   0.57180   0.63240
334  334   2.00000   8.00000  -0.60976   0.69424
335  335   7.00000  11.00000   0.60705   0.56203
336  336   4.00000  12.00000  -0.36324   0.54375
337  337   2.00000   8.00000  -0.60976   0.69424
338  338   3.00000   8.00000  -0.18381   0.62337
339  339   3.00000  12.00000  -0.69046   0.60625
340  340   7.00000   8.00000   1.67089   0.95040
341  341   0.30000   8.00000  -2.25039   1.70092
342  342   5.00000  12.00000  -0.08744   0.50976
343  343   2.00000   8.00000  -0.60976   0.69424
344  344   6.00000   8.00000   1.01556   0.71206
345  345   9.00000  12.00000   0.91692   0.54252
346  346   5.00000  12.00000  -0.08744   0.50976
347  347   6.00000  12.00000   0.16250   0.49245
348  348   6.00000  12.00000   0.16250   0.49245
349  349   6.00000  13.00000  -0.22288   0.54438
350  350   2.00000   8.00000  -0.60976   0.69424
351  351   3.00000   8.00000  -0.18381   0.62337
352  352   5.00000  13.00000  -0.52680   0.56164
353  353   6.00000  12.00000   0.16250   0.49245
354  354   1.00000   8.00000  -1.22878   0.92202
355  355   3.00000   5.00000  -0.12692   0.75048
356  356   4.00000  12.00000  -0.36324   0.54375
357  357   7.00000   8.00000   1.67089   0.95040
358  358  10.00000  12.00000   1.25639   0.63445
359  359   2.00000  12.00000  -1.12887   0.73196
360  360   1.00000   8.00000  -1.22878   0.92202
361  361   4.00000  12.00000  -0.36324   0.54375
362  362   7.00000  11.00000   0.60705   0.56203
363  363   2.00000   8.00000  -0.60976   0.69424
364  364   4.00000  12.00000  -0.36324   0.54375
365  365   5.00000  12.00000  -0.08744   0.50976
366  366   4.00000   8.00000   0.19119   0.60821
367  367   5.00000  12.00000  -0.08744   0.50976
368  368   6.00000  12.00000   0.16250   0.49245
369  369   5.00000  12.00000  -0.08744   0.50976
370  370   8.00000  11.00000   0.93478   0.58755
371  371   5.00000   8.00000   0.57180   0.63240
372  372   3.00000  12.00000  -0.44481   0.66080
373  373   5.00000  12.00000  -0.08744   0.50976
374  374   6.00000  11.00000   0.29569   0.55618
375  375   7.00000   8.00000   1.67089   0.95040
376  376   0.30000   8.00000  -2.25039   1.70092
377  377   3.00000  12.00000  -0.44481   0.66080
378  378   8.00000  12.00000   0.64659   0.50277
379  379   6.00000  12.00000   0.16250   0.49245
380  380   6.00000   8.00000   1.01556   0.71206
381  381   3.00000  12.00000  -0.44481   0.66080
382  382   7.00000  13.00000   0.07287   0.54628
383  383   6.00000  12.00000   0.52065   0.50889
384  384   8.00000  13.00000   0.38061   0.56620
385  385   6.00000  12.00000   0.16250   0.49245
386  386   3.00000  12.00000  -0.69046   0.60625
387  387   3.00000   8.00000  -0.18381   0.62337
388  388   3.00000   8.00000  -0.18381   0.62337
389  389   8.00000  12.00000   0.64659   0.50277
390  390   3.00000  14.00000  -0.91740   0.51967
391  391   8.00000  10.00000   0.97798   0.73598
392  392   5.00000  12.00000   0.24928   0.53593
393  393   4.00000  11.00000  -0.34392   0.58625
394  394   6.00000  11.00000   0.29569   0.55618