  1  1  -0.39358   0.15813   0.05999  -0.28423   0.32424   0.06438   0.25917   0.21059
  2  2   0.18100   0.11882  -0.02757  -0.42500   0.02059   0.18454   0.25308   0.24730
  3  3   0.39527   0.25004   0.00268  -0.37804  -0.03458  -0.00324   0.26078   0.20078
  4  4  -0.02203   0.02255   0.29512  -0.06049  -0.22385   0.06438   0.25917   0.21059
  5  5   0.00530   0.04553  -0.13616  -0.04923  -0.19865   0.18454   0.25308   0.24730
  6  6  -0.11956  -0.48899  -0.43068  -0.14025  -0.03627  -0.10798   0.26337   0.18480
  7  7   0.17177   0.42873  -0.20941   0.10059   0.09371   0.03157   0.24497   0.29473
  8  8  -0.20656  -0.24885  -0.54426  -0.24545   0.08255  -0.15421   0.26484   0.17573
  9  9  -0.28486  -0.18293  -0.06027   0.07659  -0.39393  -0.10473   0.26674   0.16381
  10  10   0.22168  -0.01928   0.17995   0.27830  -0.07049   0.03647   0.26434   0.17880
  11  11   0.00281  -0.19121  -0.36439   0.03856  -0.28416  -0.01535   0.26192   0.19376
  12  12   0.03814   0.65817   0.43127   0.82231   0.40864   0.22881   0.24503   0.29441
  13  13   0.41199   0.01343   0.18889   0.60838   0.55129   0.18454   0.25308   0.24730
  14  14   0.01025   0.38160   0.00037   0.20928   0.54148   0.17369   0.25882   0.21273
  15  15   0.16325  -0.29002   0.08041   0.35434   0.62376   0.03647   0.26434   0.17880
  16  16   0.64290   0.05616  -0.40412   0.44668  -0.10460  -0.00324   0.26078   0.20078
  17  17   0.14278  -0.18860   0.04700  -0.13284   0.05434  -0.02315   0.25493   0.23621
  18  18  -0.36840  -0.42594  -0.34016   0.14357  -0.17821  -0.24763   0.26756   0.15869
  19  19   0.74619  -0.43381   0.33687   0.48694   0.35851   0.11080   0.28073   0.07381
  20  20   0.35472  -0.08021   0.50006   0.34778  -0.04848  -0.15421   0.25695   0.22410
  21  21  -0.48271   0.08470   0.05088   0.46723   0.41368   0.12463   0.25498   0.23592
  22  22   0.38214   0.17972   0.07302  -0.24633   0.47828   0.03647   0.26434   0.17880
  23  23  -0.02699  -0.00507  -0.50133  -0.01939  -0.36439  -0.10473   0.26674   0.16381
  24  24   0.05999  -0.39144   0.41827   0.14837  -0.09896   0.06438   0.25917   0.21059
  25  25  -0.01810  -0.14761  -0.92617  -0.34347  -0.30900  -0.14028   0.26253   0.18998
  26  26  -0.13147  -0.17821   0.30178  -0.22230  -0.49558  -0.24763   0.26756   0.15869
  27  27  -0.31221  -0.65065   0.03158  -0.32381  -0.45862  -0.28706   0.25825   0.21618
  28  28  -0.18217  -0.07913   0.13673  -0.10589  -0.00423  -0.14028   0.26253   0.18998
  29  29   0.17826   0.45408   0.13140   0.18656  -0.24897   0.10527   0.25147   0.25683
  30  30   0.06997  -0.01686   0.03419   0.17304  -0.36840   0.03647   0.26434   0.17880
  31  31  -0.71980   0.39767   0.19620   0.59073   0.25639   0.13097   0.25674   0.22533
  32  32  -0.13576   0.10403   0.00886   0.04560  -0.35417  -0.08846   0.24484   0.29551
  33  33  -0.27535   0.43127   0.42873   0.34132   0.20178   0.19605   0.25331   0.24588
  34  34   0.02311  -0.35825  -0.09912   0.18850   0.09893  -0.15421   0.26484   0.17573
  35  35   0.39669   0.80437   0.03760   0.32958   0.65631   0.28779   0.24050   0.32023
  36  36   0.20433   0.46431   0.40749   0.56490   0.18347   0.20966   0.24116   0.31649
  37  37   0.20495  -0.05297  -0.01927  -0.40747  -0.11909  -0.15421   0.26484   0.17573
  38  38   0.37380   0.06495  -0.29175  -0.21019  -0.20911  -0.02315   0.25493   0.23621
  39  39   0.10922  -0.10914   0.00343  -0.12868   0.01529  -0.01535   0.26192   0.19376
  40  40   0.59073   0.14066   0.39305   0.35459  -0.13169   0.32298   0.23424   0.35516
  41  41  -0.26025  -0.09203   0.44724   0.18411  -0.22778   0.06438   0.25917   0.21059
  42  42   0.12816   0.28554  -0.42257  -0.33513  -0.54137  -0.08846   0.24484   0.29551
  43  43   0.02214   0.38137   0.33687   0.35434   0.08157  -0.02847   0.24501   0.29450
  44  44   0.08314  -0.58674  -0.10589  -0.88914  -0.38993  -0.15421   0.26484   0.17573
  45  45  -0.08625   0.87866  -0.01278  -0.18746   0.07225   0.06438   0.25917   0.21059
  46  46  -0.08558  -0.70874  -0.10598   0.01555   0.09141  -0.10473   0.26674   0.16381
  47  47   0.51353   0.68261   0.14513  -0.15046  -0.17586   0.06438   0.25917   0.21059
  48  48  -0.07941   0.48842   0.51954   0.09091  -0.23602   0.13097   0.25674   0.22533
  49  49  -0.18010  -0.19413  -0.02629  -0.16218   0.54796   0.04149   0.25350   0.24478
  50  50   0.20941   0.28515   0.14439   0.03861  -0.01927  -0.03382   0.26580   0.16973
  51  51  -0.18423   0.09603  -0.13306   0.02018   0.17995   0.15096   0.24322   0.30478
  52  52  -0.06668   0.33051  -0.12194   0.07730   0.55728   0.10580   0.26209   0.19270
  53  53   0.35226  -0.13306   0.36966  -0.34035  -0.18451   0.13097   0.25674   0.22533
  54  54   0.64063   0.62074   0.43395   0.60396   0.36196   0.36507   0.23600   0.34543
  55  55   0.18327  -0.07510   0.04928   0.17995   0.46973   0.01826   0.25878   0.21297
  56  56  -0.00905   0.00343  -0.10776  -0.52929  -0.00326  -0.10473   0.26674   0.16381
  57  57   0.38974  -0.20430   0.51954   0.23232   0.59073   0.25913   0.24881   0.27249
  58  58  -0.28659   0.16469  -0.36194  -0.45862  -0.21462  -0.15421   0.26484   0.17573
  59  59   0.34737  -0.03613  -0.53914  -0.26305  -0.49988  -0.08440   0.26355   0.18371
  60  60   0.36572   0.33287   0.11506   0.44117   0.33068   0.26714   0.23819   0.33322
  61  61  -0.16958  -0.09828   0.10647   0.14738   0.13098   0.10527   0.25147   0.25683
  62  62   0.46205   0.40769   0.31468   0.43913   0.51545   0.41901   0.22833   0.38729
  63  63  -0.18776  -0.27601  -0.10906   0.07557  -0.18327  -0.03382   0.26580   0.16973
  64  64  -0.30673   0.22561   0.36657  -0.09385  -0.33902  -0.01535   0.26192   0.19376
  65  65  -0.54371   0.06212   0.46205  -0.24926  -0.41601  -0.17606   0.26736   0.15992
  66  66   0.07302  -0.11916  -0.20040  -0.08522   0.11765  -0.03583   0.27593   0.10523
  67  67  -0.02990  -0.18497   0.44209   0.20519  -0.24860   0.10527   0.25147   0.25683
  68  68  -0.23901   0.05185   0.19579  -0.18217  -0.18760  -0.01535   0.26192   0.19376
  69  69   0.13971   0.18831  -0.57749   0.28084  -0.26547  -0.22461   0.26575   0.17000
  70  70  -0.00976   0.10033   0.12798  -0.30141   0.63311   0.13097   0.25674   0.22533
  71  71   0.00728   0.18725   0.68261   0.22256   0.04636   0.19605   0.25331   0.24588
  72  72   0.42675  -0.41021  -0.05297   0.33768  -0.22110   0.10580   0.26209   0.19270
  73  73  -0.12970  -0.22626   0.30397  -0.42103   0.06014  -0.01535   0.26192   0.19376
  74  74   0.26865  -0.16958  -0.48496  -0.13966   0.02761   0.03647   0.26434   0.17880
  75  75  -0.25507   0.01511   0.05588  -0.02629  -0.21019  -0.15421   0.26484   0.17573
  76  76   0.25110   0.44724   0.34041   0.14513   0.42879   0.31969   0.24318   0.30502
  77  77  -0.03136  -0.09694  -0.45132   0.14293  -0.21403  -0.15421   0.25695   0.22410
  78  78  -0.19413   0.04700  -0.13918   0.24786   0.37842   0.05272   0.25977   0.20697
  79  79   0.46973   0.10403   0.53620   0.27468   0.11687   0.22881   0.24503   0.29441
  80  80   0.11687  -0.02757  -0.26025   0.52176   0.47745   0.10527   0.25147   0.25683
  81  81   0.07302  -0.20800  -0.30754   0.19903   0.43468  -0.08846   0.24484   0.29551
  82  82   0.39156  -0.10776  -0.12830   0.03987   0.10306   0.04149   0.25350   0.24478
  83  83  -0.10837   0.08620   0.12774   0.08943  -0.07205  -0.01535   0.26192   0.19376
  84  84   0.00281   0.09721  -0.17282  -0.09884  -0.05612  -0.08843   0.25601   0.22974
  85  85  -0.02709  -0.03560  -0.03257  -0.21876  -0.18517  -0.07153   0.26182   0.19441
  86  86  -0.08294  -0.80252  -0.37805   0.44117   0.02395  -0.14228   0.26031   0.20368
  87  87  -0.10984  -0.01928  -0.24860   0.64063   0.02059  -0.07153   0.26182   0.19441
  88  88   0.22561   0.21727   0.14186   0.17661  -0.25256   0.06438   0.25917   0.21059
  89  89   0.08943   0.32920   0.34270   0.52212  -0.26025  -0.08843   0.25601   0.22974
  90  90   0.29168   0.14102   0.32787   0.05126   0.02315   0.16784   0.24867   0.27326
  91  91   0.07612   0.12300  -0.18734   0.02675  -0.08087  -0.08440   0.26355   0.18371
  92  92  -0.02588   0.22256   0.24655   0.54981  -0.03519   0.10527   0.25147   0.25683
  93  93   0.54858  -0.12463   0.47061   0.05462   0.36092   0.30291   0.24870   0.27310
  94  94   0.03067  -0.19909  -0.05297   0.16248   0.37921   0.01144   0.28018   0.07746
  95  95  -0.01881  -0.15945  -0.40005  -0.08364  -0.01928  -0.14836   0.24471   0.29627
  96  96  -0.38834  -0.22345  -0.20670   0.32111   0.12549  -0.01535   0.26192   0.19376
  97  97   0.28608   0.28485   0.21781   0.29494   0.54981   0.23144   0.25403   0.24160
  98  98  -0.10408   0.01669   0.10145   0.18347  -0.30600   0.10527   0.25147   0.25683
  99  99  -0.20675   0.35226   0.30397  -0.47764   0.17415  -0.02315   0.25493   0.23621
  100  100   0.16356   0.07585   0.44209  -0.20140   0.22023   0.10527   0.25147   0.25683
  101  101  -0.03641   0.36657   0.07964   0.34079   0.37382   0.06438   0.25917   0.21059
  102  102  -0.21672   0.15894   0.04928  -0.30553  -0.41540  -0.00000   0.29170   0.00000
  103  103   0.02761  -0.30521  -0.37217  -0.29986  -0.41947  -0.08440   0.26355   0.18371
  104  104  -0.11049   0.08157  -0.30141  -0.39952   0.11363  -0.10473   0.26674   0.16381
  105  105   0.24048  -0.10914  -0.37217  -0.18451   0.08577  -0.10473   0.26674   0.16381
  106  106  -0.25256   0.14617   0.51381  -0.08558   0.26573   0.10580   0.26209   0.19270
  107  107   0.14163   0.26865   0.54981   0.08855   0.54981   0.28779   0.24050   0.32023
  108  108  -0.34254  -0.08368  -0.06655   0.11204  -0.24768  -0.08843   0.25601   0.22974
  109  109   0.18656  -0.11909  -0.02588   0.00399  -0.02858   0.15096   0.24322   0.30478
  110  110  -0.22385   0.26578  -0.08379   0.22389  -0.07317  -0.11640   0.25995   0.20585
  111  111  -0.01823   0.52236   0.30178   0.29650  -0.13818   0.19605   0.25331   0.24588
  112  112  -0.36791  -0.30553  -0.34035  -0.35463  -0.30658  -0.08843   0.25601   0.22974
  113  113   0.37440  -0.17572   0.30986   0.59335   0.03363   0.22881   0.24503   0.29441
  114  114   0.29920   0.31587   0.17433   0.53467  -0.26547   0.06438   0.25917   0.21059
  115  115   0.12130   0.32920   0.33378   0.39767  -0.02177   0.11948   0.25687   0.22458
  116  116   0.27214  -0.18782  -0.43381   0.24655  -0.01559   0.05272   0.25977   0.20697
  117  117   0.02315  -0.24498  -0.50982   0.18411  -0.06824   0.10580   0.26209   0.19270
  118  118   0.04441  -0.02292   0.04597  -0.17800  -0.47351  -0.08440   0.26355   0.18371
  119  119  -0.36477  -0.06124   0.34987   0.14278   0.08557  -0.08843   0.25601   0.22974
  120  120  -0.03560  -0.19121  -0.20768  -0.10704   0.08855  -0.10473   0.26674   0.16381
  121  121  -0.08566   0.01471   0.28808  -0.01504   0.27812   0.17369   0.25882   0.21273
  122  122  -0.14195   0.03269   0.04666  -0.23688   0.31441  -0.03382   0.26580   0.16973
  123  123   0.43127  -0.08157  -0.05611   0.23632  -0.09912   0.03157   0.24497   0.29473
  124  124   0.09222  -0.17419  -0.22230  -0.32460   0.01652  -0.20934   0.26303   0.18692
  125  125   0.08577  -0.18734   0.12774   0.46820  -0.12833   0.15096   0.24322   0.30478
  126  126  -0.12830  -0.00923  -0.59669   0.34123  -0.14386  -0.08440   0.26355   0.18371
  127  127   0.27690   0.22605  -0.03442   0.25970   0.58503   0.05902   0.25719   0.22261
  128  128   0.09104  -0.03458   0.31154  -0.08426   0.30948   0.03157   0.24497   0.29473
  129  129   0.01424  -0.18965   0.06405   0.36966  -0.09178  -0.00324   0.26078   0.20078
  130  130  -0.39958   0.15716   0.33986  -0.12190   0.09371  -0.07153   0.26182   0.19441
  131  131   0.31856  -0.19272   0.10042   0.01471   0.13012  -0.00324   0.26078   0.20078
  132  132   0.20445  -0.19810  -0.45315  -0.44422  -0.29960  -0.14836   0.24471   0.29627
  133  133  -0.13773  -0.11182  -0.04205  -0.10342  -0.40216   0.03157   0.24497   0.29473
  134  134   0.39527  -0.30626  -0.16659  -0.30141  -0.09828  -0.08440   0.26355   0.18371
  135  135  -0.13284   0.10064  -0.60903  -0.34254  -0.36439  -0.15421   0.26484   0.17573
  136  136   0.16469   0.18577   0.17972   0.16045  -0.37498  -0.00324   0.26078   0.20078
  137  137   0.02579   0.07110   0.43127  -0.30242   0.11105   0.05902   0.25719   0.22261
  138  138   0.40227   0.19375  -0.07688   0.66241   0.44209   0.22400   0.25933   0.20963
  139  139  -0.10117  -0.83004  -0.59669  -0.00923  -0.00383  -0.08846   0.24484   0.29551
  140  140  -0.87410   0.30929  -0.69102  -0.63701  -0.24936  -0.14028   0.26253   0.18998
  141  141   0.07110   0.19865  -0.39147   0.17144  -0.03641   0.05272   0.25977   0.20697
  142  142  -0.21805   0.21503  -0.22588  -0.03136   0.09641  -0.14836   0.24471   0.29627
  143  143  -0.32486  -0.33609   0.19789  -0.22385  -0.12651  -0.08440   0.26355   0.18371
  144  144  -0.20941  -0.41540   0.02824  -0.09178  -0.03656  -0.08440   0.26355   0.18371
  145  145  -0.21527   0.18069  -0.03974   0.44421   0.33978   0.06438   0.25917   0.21059
  146  146   0.07944  -0.03560  -0.76399  -0.11630   0.18834  -0.07153   0.26182   0.19441
  147  147   0.14758   0.06081  -0.22370  -0.03560   0.09596  -0.14028   0.26253   0.18998
  148  148   0.28214   0.06340   0.12170   0.40864  -0.15841   0.10580   0.26209   0.19270
  149  149   0.44209  -0.38965  -0.18770   0.09405  -0.02757  -0.07470   0.25960   0.20797
  150  150   0.01217  -0.44320  -0.02536   0.25970  -0.35753  -0.00324   0.26078   0.20078
  151  151  -0.11461  -0.03903  -0.07913   0.34547  -0.10259  -0.08440   0.26355   0.18371
  152  152  -0.08364  -0.12051   0.29221   0.33544   0.09371   0.06438   0.25917   0.21059
  153  153   0.24533  -0.15128   0.23015   0.20810  -0.05535  -0.01535   0.26192   0.19376
  154  154  -0.38877  -0.50536  -0.18000  -0.13773   0.07110  -0.15421   0.25695   0.22410
  155  155   0.05314   0.16414   0.46723  -0.02056  -0.41159   0.13097   0.25674   0.22533
  156  156   0.00233  -0.18073  -0.67107   0.18577  -0.13918  -0.22046   0.25778   0.21904
  157  157   0.05346   0.05711   0.36196   0.03861  -0.11781   0.20966   0.24116   0.31649
  158  158  -0.77732  -0.02699  -0.26382  -0.18885  -0.05969  -0.01535   0.26192   0.19376
  159  159  -0.03641  -0.07478   0.28214  -0.31928  -0.04345   0.11948   0.25687   0.22458
  160  160  -0.45190   0.07148   0.04215  -0.36439   0.17415  -0.07153   0.26182   0.19441
  161  161   0.31493  -0.87410  -0.04055  -0.04983  -0.02177  -0.08440   0.26355   0.18371
  162  162   0.40864   0.43127   0.07964  -0.22155  -0.13284  -0.08440   0.26355   0.18371
  163  163   0.52176   0.01573  -0.20535   0.01424  -0.21403  -0.10473   0.26674   0.16381
  164  164  -0.16853  -0.10342   0.03419  -0.44422   0.20495  -0.00324   0.26078   0.20078
  165  165  -0.01687  -0.14873   0.19803  -0.24498  -0.16853  -0.15421   0.25695   0.22410
  166  166  -0.15128  -0.17777  -0.39693  -0.69443  -0.19036  -0.07153   0.26182   0.19441
  167  167  -0.27601  -0.47618  -0.54426   0.51954   0.21072  -0.10473   0.26674   0.16381
  168  168   0.40769  -0.16015   0.09641   0.20178   0.17995   0.10527   0.25147   0.25683
  169  169  -0.36384   0.08943  -0.09347  -0.17419  -0.41021  -0.07153   0.26182   0.19441
  170  170  -0.41623  -0.69102  -0.33016  -0.38522  -0.33513  -0.24763   0.26756   0.15869
  171  171   0.19263  -0.04332  -0.21872   0.29548  -0.25946  -0.14836   0.24471   0.29627
  172  172  -0.11414  -0.35753  -0.05948  -0.04345   0.22606  -0.08846   0.24484   0.29551
  173  173  -0.01791   0.17010  -0.53049   0.03814  -0.28217   0.04149   0.25350   0.24478
  174  174  -0.35156   0.04345  -0.53798  -0.16573  -0.12771  -0.15421   0.26484   0.17573
  175  175  -0.35463   0.67222  -0.12463  -0.30900  -0.14339  -0.00753   0.25865   0.21379
  176  176  -0.47351   0.19789   0.03450   0.05273  -0.42257   0.10527   0.25147   0.25683
  177  177  -0.13576  -0.84456   0.37380  -0.64629  -0.23514  -0.27857   0.26308   0.18663
  178  178   0.19660   0.03269  -0.02743   0.09199  -0.25634   0.18889   0.25184   0.25465
  179  179  -0.08522  -0.41198   0.14891  -0.02714  -0.20608  -0.22461   0.26575   0.17000
  180  180  -0.27091   0.14837  -0.34676  -0.29069  -0.60909  -0.27857   0.26308   0.18663
  181  181  -0.33239  -0.16362  -0.02407  -0.02199  -0.15945  -0.08440   0.26355   0.18371
  182  182   0.24974  -0.10259   0.15632  -0.03656   0.15894   0.10580   0.26209   0.19270
  183  183  -0.14485   0.14891  -0.12811   0.41139   0.21503  -0.08843   0.25601   0.22974
  184  184   0.00324  -0.39838  -0.26382  -0.02466  -0.27564  -0.03382   0.26580   0.16973
  185  185  -0.09912  -0.41540  -0.19925  -0.18075   0.42873  -0.03382   0.26580   0.16973
  186  186   0.07950   0.02666  -0.42594   0.15564  -0.01590  -0.08843   0.25601   0.22974
  187  187  -0.15776  -0.61734  -0.02631   0.18867  -0.35529  -0.03382   0.26580   0.16973
  188  188  -0.28294  -0.30900   0.12857  -0.14034   0.05185  -0.15421   0.25695   0.22410
  189  189  -0.10706  -0.07049   0.24271  -0.10077  -0.20803  -0.03382   0.26580   0.16973
  190  190  -0.15135   0.05752   0.48962  -0.12777  -0.00688   0.03647   0.26434   0.17880
  191  191  -0.33837  -0.09837   0.32457  -0.22773  -0.77732  -0.17606   0.26736   0.15992
  192  192   0.03034  -0.23688   0.24974  -0.53914   0.09965   0.04149   0.25350   0.24478
  193  193  -0.13533  -0.01278   0.09641  -0.41712  -0.10086  -0.08843   0.25601   0.22974
  194  194   0.20832  -0.30754   0.05578  -0.21462  -0.25202  -0.15421   0.25695   0.22410
  195  195  -0.03825  -0.25202  -0.22626  -0.26453   0.17391   0.04149   0.25350   0.24478
  196  196   0.09994  -0.37251  -0.13773  -0.02407  -0.02466  -0.10473   0.26674   0.16381
  197  197  -0.12970  -0.27801  -0.67540  -0.43480   0.00233  -0.27857   0.26308   0.18663
  198  198  -0.29324  -0.51625  -0.44411  -0.22158  -0.00923  -0.27857   0.26308   0.18663
  199  199   0.16103   0.23664   0.16103   0.11687   0.24786   0.18454   0.25308   0.24730
  200  200   0.40864   0.25543   0.24188   0.73552   0.00579   0.28779   0.24050   0.32023
  201  201   0.23632   0.29649  -0.32226  -0.24897   0.12549   0.05272   0.25977   0.20697
  202  202   0.36884   0.15094  -0.32460  -0.04923  -0.21008  -0.01535   0.26192   0.19376
  203  203   0.21990   0.35851   0.09209  -0.16763  -0.23688   0.01826   0.25878   0.21297
  204  204  -0.71980  -0.30890  -0.03136  -0.12777  -0.09906  -0.08846   0.24484   0.29551
  205  205   0.06599   0.33635   0.39982   0.29206  -0.30658   0.13097   0.25674   0.22533
  206  206  -0.14217   0.04597  -0.01739  -0.39358  -0.41198  -0.08846   0.24484   0.29551
  207  207   0.14738  -0.37816   0.41546   0.10595   0.07497   0.21484   0.25169   0.25552
  208  208   0.35046  -0.16573  -0.22345   0.30276   0.05123  -0.04892   0.25955   0.20833
  209  209  -0.09778  -0.03700   0.25309   0.18867   0.14233   0.13097   0.25674   0.22533
  210  210  -0.39367  -0.47764  -0.02056  -0.48271  -0.34254  -0.22461   0.26575   0.17000
  211  211  -0.01463  -0.03136   0.14231  -0.49471   0.07659   0.09148   0.24445   0.29776
  212  212  -0.20941  -0.46010  -0.72109  -0.68912  -0.35825  -0.32830   0.24510   0.29402
  213  213  -0.24422   0.55143   0.24048   0.17611   0.09260   0.11948   0.25687   0.22458
  214  214   0.01511  -0.26382  -0.60909   0.00636  -0.42547  -0.00324   0.26078   0.20078
  215  215   0.29650  -0.60903  -0.07557  -0.03903   0.01545  -0.15421   0.26484   0.17573
  216  216  -0.17707  -0.02834   0.12798  -0.18327  -0.12771  -0.08440   0.26355   0.18371
  217  217  -0.21876  -0.54515  -0.44868  -0.03022  -0.12602  -0.15421   0.26484   0.17573
  218  218  -0.17090  -0.33480  -0.29767  -0.80252   0.00407  -0.18405   0.26020   0.20432
  219  219   0.16974   0.08547   0.43127   0.46973   0.44872   0.21484   0.25169   0.25552
  220  220  -0.00914  -0.24417   0.46205  -0.48211   0.08559  -0.04892   0.25955   0.20833
  221  221  -0.05770  -0.39838  -0.28132  -0.46850   0.16325  -0.20934   0.26303   0.18692
  222  222   0.13762   0.14758  -0.58674  -0.32612   0.07333  -0.11640   0.25995   0.20585
  223  223   0.34041   0.82231   0.56657   0.41842   0.30178   0.18454   0.25308   0.24730
  224  224   0.05537   0.17878  -0.03656  -0.20839  -0.26453  -0.10473   0.26674   0.16381
  225  225   0.02315  -0.39393   0.40827  -0.09814   0.44421   0.03647   0.26434   0.17880
  226  226  -0.19925  -0.30900  -0.36754  -0.25202   0.05346  -0.22461   0.26575   0.17000
  227  227  -0.18734  -0.01971   0.06313  -0.18972   0.22545  -0.08846   0.24484   0.29551
  228  228   0.46431  -0.03627   0.31856   0.34643   0.10042   0.23958   0.25438   0.23952
  229  229  -0.05389  -0.02858   0.31129  -0.04520   0.37285  -0.02315   0.25493   0.23621
  230  230  -0.09896  -0.08368  -0.20670  -0.25596  -0.53159  -0.11640   0.25995   0.20585
  231  231  -0.27801  -0.14485  -0.11037   0.45182  -0.20535  -0.07153   0.26182   0.19441
  232  232  -0.01559   0.43422   0.00241   0.40061   0.20428   0.16784   0.24867   0.27326
  233  233   0.02889  -0.76399  -0.12835  -0.37772   0.53052  -0.08440   0.26355   0.18371
  234  234  -0.25256   0.12806   0.31587   0.51381   0.21093   0.08490   0.25737   0.22153
  235  235   0.26578  -0.27874  -0.19413  -0.24568   0.03814  -0.01535   0.26192   0.19376
  236  236  -0.22871  -0.10490   0.03861   0.06716   0.50006   0.06438   0.25917   0.21059
  237  237  -0.04442  -0.39144  -0.08160   0.19633  -0.18734  -0.03382   0.26580   0.16973
  238  238  -0.43381  -0.18860  -0.31221  -0.24633  -0.18407  -0.20825   0.24478   0.29584
  239  239  -0.02834   0.54858   0.44369   0.79544   0.53992   0.28779   0.24050   0.32023
  240  240  -0.30900   0.07732   0.21565   0.01652  -0.81987  -0.02315   0.25493   0.23621
  241  241   0.21781  -0.33513  -0.53049  -0.15857  -0.21857  -0.03382   0.26580   0.16973
  242  242   0.33068   0.01760   0.33544  -0.41742  -0.55083  -0.01535   0.26192   0.19376
  243  243  -0.14034  -0.25202  -0.17262   0.03207   0.14231  -0.08843   0.25601   0.22974
  244  244  -0.11916   0.18353  -0.16958  -0.09137  -0.02743   0.09863   0.26055   0.20219
  245  245  -0.00976  -0.29002  -0.76399  -0.07866   0.10189  -0.10473   0.26674   0.16381
  246  246  -0.45132  -0.59934  -0.07510  -0.22778   0.34432  -0.02315   0.25493   0.23621
  247  247  -0.08908  -0.02858  -0.14100   0.51954  -0.20675  -0.14028   0.26253   0.18998
  248  248  -0.21462  -0.08262  -0.08784   0.16057  -0.62887  -0.10473   0.26674   0.16381
  249  249  -0.14818  -0.08087   0.26073   0.54858   0.53992   0.22881   0.24503   0.29441
  250  250   0.52236   0.02761  -0.04061   0.05711   0.44421   0.03647   0.26434   0.17880
  251  251  -0.17116   0.16469  -0.13169  -0.22345  -0.05770  -0.22461   0.26575   0.17000
  252  252  -0.43381  -0.24897   0.03087   0.33635   0.12816  -0.01535   0.26192   0.19376
  253  253  -0.03641   0.17878   0.00708   0.15135   0.16636   0.10527   0.25147   0.25683
  254  254   0.05898  -0.49471  -0.53186  -0.35753  -0.33239  -0.24680   0.26336   0.18487
  255  255  -0.12974   0.27921   0.04700  -0.17800   0.12861  -0.01424   0.27422   0.11629
  256  256   0.38344   0.46973   0.29920   0.39156   0.63311   0.30291   0.24870   0.27310
  257  257   0.01025   0.10010  -0.00507  -0.19122  -0.26557  -0.02315   0.25493   0.23621
  258  258   0.13615   0.28047   0.08547  -0.11615  -0.14195   0.10527   0.25147   0.25683
  259  259  -0.31513   0.16469  -0.10379   0.36205   0.53052   0.03647   0.26434   0.17880
  260  260   0.08041   0.53052   0.14439   0.46820   0.87866   0.30774   0.24266   0.30800
  261  261   0.33713   0.14313  -0.14485  -0.18451  -0.20678   0.13097   0.25674   0.22533
  262  262   0.33792  -0.02902  -0.03004   0.24533   0.29548   0.11948   0.25687   0.22458
  263  263  -0.15570   0.31173   0.30617  -0.00905   0.12300   0.16784   0.24867   0.27326
  264  264  -0.21857  -0.00185  -0.58238  -0.33016   0.09082  -0.26823   0.24502   0.29447
  265  265   0.31154  -0.29960  -0.31158  -0.23602  -0.61734   0.03647   0.26434   0.17880
  266  266  -0.08625   0.33285   0.08547  -0.12587  -0.11055   0.01826   0.25878   0.21297
  267  267  -0.33239  -0.47271   0.09370   0.06716   0.17661  -0.08440   0.26355   0.18371
  268  268  -0.00007  -0.14915  -0.83004  -0.02103  -0.27535  -0.01535   0.26192   0.19376
  269  269  -0.01247  -0.26400   0.37382  -0.66755  -0.55236  -0.08440   0.26355   0.18371
  270  270   0.34432   0.45149   0.07726   0.33544   0.08157   0.10580   0.26209   0.19270
  271  271   0.16315   0.28467  -0.03136  -0.24599   0.58503  -0.02315   0.25493   0.23621
  272  272  -0.27305   0.34794  -0.25623  -0.02709   0.29009  -0.08843   0.25601   0.22974
  273  273   0.08922   0.02311   0.33768   0.52212  -0.08379   0.10580   0.26209   0.19270
  274  274  -0.12811   0.08559   0.07587  -0.15245   0.22545  -0.00324   0.26078   0.20078
  275  275   0.22493   0.63982  -0.13773   0.09991  -0.04205   0.10580   0.26209   0.19270
  276  276   0.19021  -0.01928  -0.02743  -0.30525   0.00702  -0.14228   0.26031   0.20368
  277  277  -0.36791  -0.30228  -0.20430   0.26276  -0.17707  -0.03382   0.26580   0.16973
  278  278   0.02889   0.30123  -0.14873   0.18069   0.05346  -0.08843   0.25601   0.22974
  279  279   0.41702   0.03586   0.74619   0.50367  -0.19272   0.20966   0.24116   0.31649
  280  280   0.25073  -0.16853  -0.06964  -0.30658  -0.21019  -0.05066   0.28661   0.03460
  281  281  -0.24860  -0.12830  -0.54426  -0.07942  -0.06964  -0.07470   0.25960   0.20797
  282  282   0.34440  -0.04496  -0.01590  -0.01259   0.12042   0.05272   0.25977   0.20697
  283  283  -0.03958  -0.19135  -0.01928  -0.11055   0.15542   0.16784   0.24867   0.27326
  284  284  -0.08343  -0.06027   0.39692   0.36572  -0.43480   0.03157   0.24497   0.29473
  285  285   0.30943   0.12042  -0.47731   0.45102  -0.10342  -0.04892   0.25955   0.20833
  286  286   0.04999  -0.18972  -0.14685   0.02311  -0.36439  -0.14836   0.24471   0.29627
  287  287  -0.15776  -0.25572   0.17826  -0.19413   0.12582   0.06438   0.25917   0.21059
  288  288  -0.40040  -0.83004   0.01498   0.19836  -0.48899  -0.10473   0.26674   0.16381
  289  289   0.17415  -0.21249   0.07659   0.52411  -0.02714   0.13097   0.25674   0.22533
  290  290  -0.22385   0.34987   0.25110  -0.09385   0.29108   0.10580   0.26209   0.19270
  291  291   0.22561   0.23660   0.36966   0.19903   0.24983   0.13097   0.25674   0.22533
  292  292  -0.19909   0.01424  -0.03800   0.10010  -0.10621  -0.08846   0.24484   0.29551
  293  293  -0.80252  -0.12698  -0.35825  -0.40584  -0.47764  -0.14028   0.26253   0.18998
  294  294  -0.08262   0.02018  -0.18451  -0.02450  -0.06119  -0.08440   0.26355   0.18371
  295  295   0.17514  -0.20803  -0.41159   0.20928   0.16356   0.04149   0.25350   0.24478
  296  296   0.59073  -0.26453  -0.13353  -0.00507   0.36067   0.01826   0.25878   0.21297
  297  297  -0.19664  -0.24568   0.44660  -0.26025   0.11506  -0.08440   0.26355   0.18371
  298  298  -0.11052  -0.41198  -0.22155  -0.06554  -0.49988  -0.20934   0.26303   0.18692
  299  299   0.19905   0.30247   0.18069  -0.35071  -0.22773   0.03647   0.26434   0.17880
  300  300  -0.39962   0.05999  -0.04522   0.22976   0.04560  -0.15421   0.25695   0.22410
  301  301  -0.71980  -0.44661   0.19660  -0.04586  -0.12868  -0.20934   0.26303   0.18692
  302  302  -0.66755  -0.66597  -0.60903  -0.56020  -0.13169  -0.07153   0.26182   0.19441
  303  303  -0.06824   0.22545   0.57354   0.53785   0.33986   0.24743   0.24834   0.27520
  304  304  -0.20941   0.34132   0.22605   0.10064   0.13227   0.10527   0.25147   0.25683
  305  305  -0.13306   0.08943  -0.06554   0.09141  -0.01278   0.03647   0.26434   0.17880
  306  306   0.24963  -0.29236   0.02059  -0.03458   0.60838  -0.08440   0.26355   0.18371
  307  307  -0.17882  -0.00383  -0.07800   0.07659  -0.18010  -0.08843   0.25601   0.22974
  308  308  -0.04746   0.33713   0.51381  -0.36840   0.16057   0.03647   0.26434   0.17880
  309  309   0.03814  -0.52929  -0.29324   0.00708  -0.02743  -0.18405   0.26020   0.20432
  310  310  -0.13284  -0.35071   0.05711  -0.48240  -0.39462  -0.07153   0.26182   0.19441
  311  311   0.13888  -0.19810  -0.12587   0.04490   0.41368   0.19605   0.25331   0.24588
  312  312  -0.12771   0.44855   0.11397  -0.12651   0.10335   0.12463   0.25498   0.23592
  313  313  -0.11182  -0.03929  -0.08320  -0.25464  -0.01939   0.03647   0.26434   0.17880
  314  314  -0.27091  -0.20839  -0.10499  -0.15046  -0.03641  -0.10473   0.26674   0.16381
  315  315  -0.08294   0.41842   0.27830   0.58503  -0.19121   0.20966   0.24116   0.31649
  316  316   0.04135   0.07656  -0.15963  -0.32460   0.11131   0.00914   0.27656   0.10110
  317  317   0.80437  -0.00905  -0.03442   0.30072   0.06495   0.19605   0.25331   0.24588
  318  318   0.18100   0.30251   0.24786  -0.40216  -0.53594   0.05272   0.25977   0.20697
  319  319   0.24655  -0.05969  -0.12698  -0.05719   0.17144   0.03647   0.26434   0.17880
  320  320   0.20832  -0.50982   0.18725   0.03833   0.40061   0.12463   0.25498   0.23592
  321  321   0.41139  -0.30978  -0.10259  -0.03446  -0.20124  -0.00324   0.26078   0.20078
  322  322  -0.21019   0.12562  -0.12974   0.19399  -0.20670  -0.08843   0.25601   0.22974
  323  323   0.25449   0.11506  -0.01463  -0.04496   0.34794  -0.08843   0.25601   0.22974
  324  324   0.24786   0.27239   0.09272   0.35022   0.13888   0.15096   0.24322   0.30478
  325  325   0.41827   0.18551  -0.12974   0.41546   0.08314   0.05272   0.25977   0.20697
  326  326  -0.13603   0.09641   0.18656  -0.00905   0.22044  -0.02315   0.25493   0.23621
  327  327  -0.08083  -0.32486   0.30929   0.34123   0.28385   0.04149   0.25350   0.24478
  328  328  -0.01699  -0.44320  -0.07510  -0.34035  -0.52868  -0.15421   0.25695   0.22410
  329  329  -0.10418   0.22976   0.31441   0.16424   0.44629   0.10580   0.26209   0.19270
  330  330   0.29920  -0.39838  -0.22015  -0.46010  -0.14070  -0.02315   0.25493   0.23621
  331  331  -0.19413  -0.12483  -0.00524   0.07585   0.03906  -0.03382   0.26580   0.16973
  332  332   0.06313   0.04928   0.09370  -0.08426   0.40061  -0.03382   0.26580   0.16973
  333  333   0.05434   0.16057  -0.08945   0.07659  -0.05952   0.10580   0.26209   0.19270
  334  334  -0.44661   0.09641   0.36211  -0.18407   0.18100  -0.10473   0.26674   0.16381
  335  335   0.08736   0.10694   0.37935  -0.20549   0.27197   0.13097   0.25674   0.22533
  336  336  -0.13918  -0.20839  -0.17282   0.01555   0.03760  -0.08843   0.25601   0.22974
  337  337  -0.33907  -0.54681   0.14513   0.12731   0.22389  -0.10473   0.26674   0.16381
  338  338   0.22884   0.17531   0.17177   0.16325   0.15542  -0.03382   0.26580   0.16973
  339  339  -0.04102  -0.03641  -0.12771  -0.19137  -0.20734  -0.15421   0.25695   0.22410
  340  340   0.37380   0.27005   0.05219   0.29108   0.36273   0.23958   0.25438   0.23952
  341  341  -0.38993  -0.07569  -0.32381  -0.14025  -0.87410  -0.24763   0.26756   0.15869
  342  342  -0.01928   0.45602  -0.14034  -0.11967  -0.33199  -0.02315   0.25493   0.23621
  343  343  -0.23688  -0.09999  -0.28523  -0.24498  -0.52929  -0.10473   0.26674   0.16381
  344  344   0.09104   0.05123   0.09082   0.57354   0.50006   0.17369   0.25882   0.21273
  345  345   0.59073   0.17611   0.20463   0.25351   0.03814   0.22881   0.24503   0.29441
  346  346  -0.53049   0.01930  -0.24014   0.19803   0.15182  -0.02315   0.25493   0.23621
  347  347   0.21061  -0.18972   0.18411  -0.10984   0.16265   0.04149   0.25350   0.24478
  348  348   0.08736  -0.06668  -0.11182  -0.23514   0.03089   0.04149   0.25350   0.24478
  349  349  -0.24926   0.30123  -0.40412  -0.40336  -0.12835  -0.04892   0.25955   0.20833
  350  350   0.05088  -0.09021  -0.37217  -0.06119   0.19021  -0.10473   0.26674   0.16381
  351  351  -0.12483   0.04666  -0.46511  -0.04923   0.44421  -0.03382   0.26580   0.16973
  352  352  -0.33480  -0.36406   0.16832  -0.41623  -0.21997  -0.11640   0.25995   0.20585
  353  353   0.33713   0.52411   0.11114   0.23232  -0.02499   0.04149   0.25350   0.24478
  354  354  -0.48559   0.00048  -0.11615  -0.84456   0.05250  -0.17606   0.26736   0.15992
  355  355   0.09641   0.13645  -0.00905   0.17826   0.18551  -0.01424   0.27422   0.11629
  356  356  -0.06049   0.06468  -0.23688  -0.06824  -0.20430  -0.08843   0.25601   0.22974
  357  357   0.37935   0.39956  -0.07205   0.32637   0.24227   0.23958   0.25438   0.23952
  358  358   0.53467   0.57693   0.14837   0.55728   0.69448   0.28779   0.24050   0.32023
  359  359  -0.32124   0.05752  -0.40040  -0.45864  -0.53186  -0.22046   0.25778   0.21904
  360  360  -0.06331   0.34308  -0.42257   0.34308  -0.55876  -0.17606   0.26736   0.15992
  361  361  -0.09507   0.37382  -0.04923   0.10403  -0.22015  -0.08843   0.25601   0.22974
  362  362  -0.06346   0.29650  -0.22011  -0.38826   0.38255   0.13097   0.25674   0.22533
  363  363  -0.04496  -0.20768   0.08014   0.33190  -0.33513  -0.10473   0.26674   0.16381
  364  364  -0.39813  -0.38826  -0.17882  -0.49391  -0.28145  -0.08843   0.25601   0.22974
  365  365  -0.48271  -0.24935   0.38255  -0.59934   0.53992  -0.02315   0.25493   0.23621
  366  366  -0.08097   0.19865  -0.11461  -0.31616  -0.30141   0.03647   0.26434   0.17880
  367  367   0.29494   0.38133  -0.14915   0.02666  -0.30754  -0.02315   0.25493   0.23621
  368  368  -0.08625  -0.32044   0.18412   0.38214   0.07497   0.04149   0.25350   0.24478
  369  369  -0.04474   0.01541   0.43243  -0.21696   0.01037  -0.02315   0.25493   0.23621
  370  370  -0.21805  -0.03656   0.31587  -0.12651  -0.22883   0.19605   0.25331   0.24588
  371  371  -0.03263  -0.29767  -0.49190   0.40227   0.51169   0.10580   0.26209   0.19270
  372  372  -0.29104  -0.08214  -0.18760  -0.18972  -0.60268  -0.08440   0.26355   0.18371
  373  373  -0.20395  -0.14386  -0.22158   0.28349   0.19375  -0.02315   0.25493   0.23621
  374  374   0.22428   0.26949   0.43422  -0.01687   0.05346   0.06438   0.25917   0.21059
  375  375   0.03987   0.49533   0.21323   0.27786  -0.12152   0.23958   0.25438   0.23952
  376  376   0.44855  -0.11660  -0.33609  -0.39462   0.03089  -0.24763   0.26756   0.15869
  377  377  -0.20785  -0.39462  -0.55583  -0.19925  -0.04474  -0.08440   0.26355   0.18371
  378  378  -0.10837   0.01011   0.05616  -0.05770  -0.16573   0.16784   0.24867   0.27326
  379  379   0.09766  -0.20535   0.35046   0.02675  -0.38281   0.04149   0.25350   0.24478
  380  380  -0.01687   0.25639   0.15094   0.30247   0.27251   0.17369   0.25882   0.21273
  381  381  -0.28523  -0.51654  -0.11182  -0.05612  -0.90859  -0.08440   0.26355   0.18371
  382  382   0.06115  -0.26099  -0.04055   0.13673   0.63982   0.01826   0.25878   0.21297
  383  383   0.32769   0.59073   0.00241   0.28214  -0.07800   0.11948   0.25687   0.22458
  384  384  -0.11781   0.21798  -0.01928  -0.10798   0.38499   0.08490   0.25737   0.22153
  385  385   0.15813   0.05932   0.03254   0.64131  -0.57723   0.04149   0.25350   0.24478
  386  386   0.37241  -0.33907   0.27812  -0.08264   0.04553  -0.15421   0.25695   0.22410
  387  387  -0.17419   0.33148   0.00343  -0.18049  -0.36840  -0.03382   0.26580   0.16973
  388  388   0.02579   0.11882  -0.16763   0.23664  -0.09588  -0.03382   0.26580   0.16973
  389  389  -0.28429  -0.18000   0.21546   0.08925   0.00324   0.16784   0.24867   0.27326
  390  390  -0.20995  -0.50284  -0.05952   0.04636  -0.28095  -0.26823   0.24502   0.29447
  391  391   0.43395   0.04567  -0.30673   0.41827  -0.06049   0.16587   0.25789   0.21838
  392  392  -0.00923   0.27037  -0.06685   0.24533  -0.23567   0.05272   0.25977   0.20697
  393  393   0.13098   0.03861  -0.01259   0.17177   0.06495  -0.07153   0.26182   0.19441
  394  394   0.09168   0.51545  -0.00301   0.05297  -0.01883   0.06438   0.25917   0.21059