1  1   6.00000  11.00000   0.29632   0.55618
2  2   7.00000  12.00000   0.77048   0.50084
3  3   5.00000  11.00000   0.00582   0.56173
4  4   6.00000  11.00000   0.29632   0.55618
5  5   7.00000  12.00000   0.77048   0.50084
6  6   4.00000  10.00000  -0.49663   0.58485
7  7   8.00000  14.00000   0.05116   0.43878
8  8   2.00000  12.00000  -0.73813   0.73783
9  9   2.00000   8.00000  -0.47614   0.66511
10  10   4.00000   8.00000   0.18478   0.60814
11  11   4.00000  12.00000   0.03196   0.56738
12  12   9.00000  12.00000   0.82781   0.52633
13  13   7.00000  12.00000   0.77048   0.50084
14  14   6.00000   8.00000   0.87188   0.67966
15  15   4.00000   8.00000   0.18478   0.60814
16  16   5.00000  11.00000   0.00582   0.56173
17  17   5.00000  12.00000  -0.04360   0.50576
18  18   0.00000   8.00000  -1.65453   1.18059
19  19   2.00000   2.00000   1.54575   1.49919
20  20   3.00000  12.00000  -0.56897   0.58001
21  21   7.00000  12.00000   0.51278   0.54353
22  22   4.00000   8.00000   0.18478   0.60814
23  23   2.00000   8.00000  -0.47614   0.66511
24  24   6.00000  11.00000   0.29632   0.55618
25  25   3.00000  11.00000  -0.60825   0.62247
26  26   0.00000   8.00000  -1.65453   1.18059
27  27   1.00000  12.00000  -1.44825   0.85314
28  28   3.00000  11.00000  -0.60825   0.62247
29  29   7.00000  12.00000   0.39456   0.48906
30  30   4.00000   8.00000   0.18478   0.60814
31  31   7.00000  11.00000   0.58558   0.56119
32  32   6.00000  14.00000  -0.27439   0.42824
33  33   8.00000  11.00000   0.87414   0.58070
34  34   2.00000  12.00000  -0.73813   0.73783
35  35  10.00000  12.00000   1.08560   0.58218
36  36  11.00000  14.00000   0.69088   0.53891
37  37   2.00000  12.00000  -0.73813   0.73783
38  38   5.00000  12.00000  -0.04360   0.50576
39  39   4.00000  12.00000   0.03196   0.56738
40  40  13.00000  14.00000   1.43862   0.76549
41  41   6.00000  11.00000   0.29632   0.55618
42  42   6.00000  14.00000  -0.27439   0.42824
43  43   7.00000  14.00000  -0.11494   0.42905
44  44   2.00000  12.00000  -0.73813   0.73783
45  45   6.00000  11.00000   0.29632   0.55618
46  46   2.00000   8.00000  -0.47614   0.66511
47  47   6.00000  11.00000   0.29632   0.55618
48  48   7.00000  11.00000   0.58558   0.56119
49  49   6.00000  12.00000   0.18137   0.49167
50  50   3.00000   8.00000  -0.13366   0.61903
51  51  10.00000  14.00000   0.44163   0.49025
52  52   5.00000   8.00000   0.50985   0.62575
53  53   7.00000  11.00000   0.58558   0.56119
54  54  10.00000  12.00000   1.49085   0.60487
55  55   7.00000  13.00000   0.05496   0.54565
56  56   2.00000   8.00000  -0.47614   0.66511
57  57   9.00000  11.00000   1.17826   0.62758
58  58   2.00000  12.00000  -0.73813   0.73783
59  59   3.00000  12.00000  -0.30577   0.63004
60  60  12.00000  14.00000   1.00328   0.61714
61  61   7.00000  12.00000   0.39456   0.48906
62  62  11.00000  12.00000   1.88993   0.75141
63  63   3.00000   8.00000  -0.13366   0.61903
64  64   4.00000  12.00000   0.03196   0.56738
65  65   1.00000   8.00000  -0.90101   0.78133
66  66   1.00000   5.00000   0.01899   0.78044
67  67   7.00000  12.00000   0.39456   0.48906
68  68   4.00000  12.00000   0.03196   0.56738
69  69   1.00000  12.00000  -1.44984   0.99092
70  70   7.00000  11.00000   0.58558   0.56119
71  71   8.00000  11.00000   0.87414   0.58070
72  72   5.00000   8.00000   0.50985   0.62575
73  73   4.00000  12.00000   0.03196   0.56738
74  74   4.00000   8.00000   0.18478   0.60814
75  75   2.00000  12.00000  -0.73813   0.73783
76  76  10.00000  11.00000   1.55104   0.73666
77  77   3.00000  12.00000  -0.56897   0.58001
78  78   5.00000  12.00000   0.31116   0.52839
79  79   9.00000  12.00000   0.82781   0.52633
80  80   7.00000  12.00000   0.39456   0.48906
81  81   6.00000  14.00000  -0.27439   0.42824
82  82   6.00000  12.00000   0.18137   0.49167
83  83   4.00000  12.00000   0.03196   0.56738
84  84   4.00000  12.00000  -0.28902   0.53307
85  85   4.00000  11.00000  -0.28914   0.58084
86  86   3.00000  12.00000  -0.57728   0.59610
87  87   4.00000  11.00000  -0.28914   0.58084
88  88   6.00000  11.00000   0.29632   0.55618
89  89   4.00000  12.00000  -0.28902   0.53307
90  90   8.00000  12.00000   0.60552   0.49907
91  91   3.00000  12.00000  -0.30577   0.63004
92  92   7.00000  12.00000   0.39456   0.48906
93  93   8.00000   8.00000   2.17735   1.25279
94  94   1.00000   3.00000   0.35934   0.84219
95  95   5.00000  14.00000  -0.43556   0.43670
96  96   4.00000  12.00000   0.03196   0.56738
97  97   9.00000  10.00000   1.33241   0.84661
98  98   7.00000  12.00000   0.39456   0.48906
99  99   5.00000  12.00000  -0.04360   0.50576
100  100   7.00000  12.00000   0.39456   0.48906
101  101   6.00000  11.00000   0.29632   0.55618
103  103   3.00000  12.00000  -0.30577   0.63004
104  104   2.00000   8.00000  -0.47614   0.66511
105  105   2.00000   8.00000  -0.47614   0.66511
106  106   5.00000   8.00000   0.50985   0.62575
107  107  10.00000  12.00000   1.08560   0.58218
108  108   4.00000  12.00000  -0.28902   0.53307
109  109  10.00000  14.00000   0.44163   0.49025
110  110   5.00000  13.00000  -0.48197   0.55791
111  111   8.00000  11.00000   0.87414   0.58070
112  112   4.00000  12.00000  -0.28902   0.53307
113  113   9.00000  12.00000   0.82781   0.52633
114  114   6.00000  11.00000   0.29632   0.55618
115  115   6.00000  12.00000   0.55132   0.50698
116  116   5.00000  12.00000   0.31116   0.52839
117  117   5.00000   8.00000   0.50985   0.62575
118  118   3.00000  12.00000  -0.30577   0.63004
119  119   4.00000  12.00000  -0.28902   0.53307
120  120   2.00000   8.00000  -0.47614   0.66511
121  121   6.00000   8.00000   0.87188   0.67966
122  122   3.00000   8.00000  -0.13366   0.61903
123  123   8.00000  14.00000   0.05116   0.43878
124  124   2.00000  11.00000  -0.99907   0.70771
125  125  10.00000  14.00000   0.44163   0.49025
126  126   3.00000  12.00000  -0.30577   0.63004
127  127   6.00000  12.00000   0.24871   0.53481
128  128   8.00000  14.00000   0.05116   0.43878
129  129   5.00000  11.00000   0.00582   0.56173
130  130   4.00000  11.00000  -0.28914   0.58084
131  131   5.00000  11.00000   0.00582   0.56173
132  132   5.00000  14.00000  -0.43556   0.43670
133  133   8.00000  14.00000   0.05116   0.43878
134  134   3.00000  12.00000  -0.30577   0.63004
135  135   2.00000  12.00000  -0.73813   0.73783
136  136   5.00000  11.00000   0.00582   0.56173
137  137   6.00000  12.00000   0.24871   0.53481
138  138   7.00000   7.00000   1.74605   1.25233
139  139   6.00000  14.00000  -0.27439   0.42824
140  140   3.00000  11.00000  -0.60825   0.62247
141  141   5.00000  12.00000   0.31116   0.52839
142  142   5.00000  14.00000  -0.43556   0.43670
143  143   3.00000  12.00000  -0.30577   0.63004
144  144   3.00000  12.00000  -0.30577   0.63004
145  145   6.00000  11.00000   0.29632   0.55618
146  146   4.00000  11.00000  -0.28914   0.58084
147  147   3.00000  11.00000  -0.60825   0.62247
148  148   5.00000   8.00000   0.50985   0.62575
149  149   4.00000  12.00000  -0.28125   0.55735
150  150   5.00000  11.00000   0.00582   0.56173
151  151   3.00000  12.00000  -0.30577   0.63004
152  152   6.00000  11.00000   0.29632   0.55618
153  153   4.00000  12.00000   0.03196   0.56738
154  154   3.00000  12.00000  -0.56897   0.58001
155  155   7.00000  11.00000   0.58558   0.56119
156  156   2.00000  12.00000  -0.91764   0.66519
157  157  11.00000  14.00000   0.69088   0.53891
158  158   4.00000  12.00000   0.03196   0.56738
159  159   6.00000  12.00000   0.55132   0.50698
160  160   4.00000  11.00000  -0.28914   0.58084
161  161   3.00000  12.00000  -0.30577   0.63004
162  162   3.00000  12.00000  -0.30577   0.63004
163  163   2.00000   8.00000  -0.47614   0.66511
164  164   5.00000  11.00000   0.00582   0.56173
165  165   3.00000  12.00000  -0.56897   0.58001
166  166   4.00000  11.00000  -0.28914   0.58084
167  167   2.00000   8.00000  -0.47614   0.66511
168  168   7.00000  12.00000   0.39456   0.48906
169  169   4.00000  11.00000  -0.28914   0.58084
170  170   0.00000   8.00000  -1.65453   1.18059
171  171   5.00000  14.00000  -0.43556   0.43670
172  172   6.00000  14.00000  -0.27439   0.42824
173  173   6.00000  12.00000   0.18137   0.49167
174  174   2.00000  12.00000  -0.73813   0.73783
175  175   5.00000  12.00000  -0.01185   0.53887
176  176   7.00000  12.00000   0.39456   0.48906
177  177   1.00000  11.00000  -1.60065   0.90585
178  178   8.00000  12.00000   0.79289   0.56662
179  179   1.00000  12.00000  -1.44984   0.99092
180  180   1.00000  11.00000  -1.60065   0.90585
181  181   3.00000  12.00000  -0.30577   0.63004
182  182   5.00000   8.00000   0.50985   0.62575
183  183   4.00000  12.00000  -0.28902   0.53307
184  184   3.00000   8.00000  -0.13366   0.61903
185  185   3.00000   8.00000  -0.13366   0.61903
186  186   4.00000  12.00000  -0.28902   0.53307
187  187   3.00000   8.00000  -0.13366   0.61903
188  188   3.00000  12.00000  -0.56897   0.58001
189  189   3.00000   8.00000  -0.13366   0.61903
190  190   4.00000   8.00000   0.18478   0.60814
191  191   1.00000   8.00000  -0.90101   0.78133
192  192   6.00000  12.00000   0.18137   0.49167
193  193   4.00000  12.00000  -0.28902   0.53307
194  194   3.00000  12.00000  -0.56897   0.58001
195  195   6.00000  12.00000   0.18137   0.49167
196  196   2.00000   8.00000  -0.47614   0.66511
197  197   1.00000  11.00000  -1.60065   0.90585
198  198   1.00000  11.00000  -1.60065   0.90585
199  199   7.00000  12.00000   0.77048   0.50084
200  200  10.00000  12.00000   1.08560   0.58218
201  201   5.00000  12.00000   0.31116   0.52839
202  202   4.00000  12.00000   0.03196   0.56738
203  203   7.00000  13.00000   0.05496   0.54565
204  204   6.00000  14.00000  -0.27439   0.42824
205  205   7.00000  11.00000   0.58558   0.56119
206  206   6.00000  14.00000  -0.27439   0.42824
207  207  10.00000  13.00000   1.00715   0.65279
208  208   6.00000  13.00000  -0.21098   0.54410
209  209   7.00000  11.00000   0.58558   0.56119
210  210   1.00000  12.00000  -1.44984   0.99092
211  211   9.00000  14.00000   0.23300   0.45846
212  212   2.00000  14.00000  -1.04518   0.55633
213  213   6.00000  12.00000   0.55132   0.50698
214  214   5.00000  11.00000   0.00582   0.56173
215  215   2.00000  12.00000  -0.73813   0.73783
216  216   3.00000  12.00000  -0.30577   0.63004
217  217   2.00000  12.00000  -0.73813   0.73783
218  218   4.00000  13.00000  -0.77979   0.59061
219  219  10.00000  13.00000   1.00715   0.65279
220  220   6.00000  13.00000  -0.21098   0.54410
221  221   2.00000  11.00000  -0.99907   0.70771
222  222   5.00000  13.00000  -0.48197   0.55791
223  223   7.00000  12.00000   0.77048   0.50084
224  224   2.00000   8.00000  -0.47614   0.66511
225  225   4.00000   8.00000   0.18478   0.60814
226  226   1.00000  12.00000  -1.44984   0.99092
227  227   6.00000  14.00000  -0.27439   0.42824
228  228   7.00000   8.00000   1.33373   0.80780
229  229   5.00000  12.00000  -0.04360   0.50576
230  230   5.00000  13.00000  -0.48197   0.55791
231  231   4.00000  11.00000  -0.28914   0.58084
232  232   8.00000  12.00000   0.60552   0.49907
233  233   3.00000  12.00000  -0.30577   0.63004
234  234   8.00000  13.00000   0.33328   0.56208
235  235   4.00000  12.00000   0.03196   0.56738
236  236   6.00000  11.00000   0.29632   0.55618
237  237   3.00000   8.00000  -0.13366   0.61903
238  238   4.00000  14.00000  -0.60778   0.45641
239  239  10.00000  12.00000   1.08560   0.58218
240  240   5.00000  12.00000  -0.04360   0.50576
241  241   3.00000   8.00000  -0.13366   0.61903
242  242   4.00000  12.00000   0.03196   0.56738
243  243   4.00000  12.00000  -0.28902   0.53307
244  244   7.00000  10.00000   0.42359   0.62404
245  245   2.00000   8.00000  -0.47614   0.66511
246  246   5.00000  12.00000  -0.04360   0.50576
247  247   3.00000  11.00000  -0.60825   0.62247
248  248   2.00000   8.00000  -0.47614   0.66511
249  249   9.00000  12.00000   0.82781   0.52633
250  250   4.00000   8.00000   0.18478   0.60814
251  251   1.00000  12.00000  -1.44984   0.99092
252  252   4.00000  12.00000   0.03196   0.56738
253  253   7.00000  12.00000   0.39456   0.48906
254  254   2.00000  10.00000  -1.18437   0.69162
255  255   3.00000   5.00000  -0.16692   0.74800
256  256   8.00000   8.00000   2.17735   1.25279
257  257   5.00000  12.00000  -0.04360   0.50576
258  258   7.00000  12.00000   0.39456   0.48906
259  259   4.00000   8.00000   0.18478   0.60814
260  260   9.00000  12.00000   1.21601   0.54055
261  261   7.00000  11.00000   0.58558   0.56119
262  262   6.00000  12.00000   0.55132   0.50698
263  263   8.00000  12.00000   0.60552   0.49907
264  264   3.00000  14.00000  -0.80366   0.49227
265  265   4.00000   8.00000   0.18478   0.60814
266  266   7.00000  13.00000   0.05496   0.54565
267  267   3.00000  12.00000  -0.30577   0.63004
268  268   4.00000  12.00000   0.03196   0.56738
269  269   3.00000  12.00000  -0.30577   0.63004
270  270   5.00000   8.00000   0.50985   0.62575
271  271   5.00000  12.00000  -0.04360   0.50576
272  272   4.00000  12.00000  -0.28902   0.53307
273  273   5.00000   8.00000   0.50985   0.62575
274  274   5.00000  11.00000   0.00582   0.56173
275  275   5.00000   8.00000   0.50985   0.62575
276  276   3.00000  12.00000  -0.57728   0.59610
277  277   3.00000   8.00000  -0.13366   0.61903
278  278   4.00000  12.00000  -0.28902   0.53307
279  279  11.00000  14.00000   0.69088   0.53891
280  280   0.00000   2.00000  -0.35799   1.49914
281  281   4.00000  12.00000  -0.28125   0.55735
282  282   5.00000  12.00000   0.31116   0.52839
283  283   8.00000  12.00000   0.60552   0.49907
284  284   8.00000  14.00000   0.05116   0.43878
285  285   6.00000  13.00000  -0.21098   0.54410
286  286   5.00000  14.00000  -0.43556   0.43670
287  287   6.00000  11.00000   0.29632   0.55618
288  288   2.00000   8.00000  -0.47614   0.66511
289  289   7.00000  11.00000   0.58558   0.56119
290  290   5.00000   8.00000   0.50985   0.62575
291  291   7.00000  11.00000   0.58558   0.56119
292  292   6.00000  14.00000  -0.27439   0.42824
293  293   3.00000  11.00000  -0.60825   0.62247
294  294   3.00000  12.00000  -0.30577   0.63004
295  295   6.00000  12.00000   0.18137   0.49167
296  296   7.00000  13.00000   0.05496   0.54565
297  297   3.00000  12.00000  -0.30577   0.63004
298  298   2.00000  11.00000  -0.99907   0.70771
299  299   4.00000   8.00000   0.18478   0.60814
300  300   3.00000  12.00000  -0.56897   0.58001
301  301   2.00000  11.00000  -0.99907   0.70771
302  302   4.00000  11.00000  -0.28914   0.58084
303  303   8.00000  12.00000   0.98573   0.51061
304  304   7.00000  12.00000   0.39456   0.48906
305  305   4.00000   8.00000   0.18478   0.60814
306  306   3.00000  12.00000  -0.30577   0.63004
307  307   4.00000  12.00000  -0.28902   0.53307
308  308   4.00000   8.00000   0.18478   0.60814
309  309   4.00000  13.00000  -0.77979   0.59061
310  310   4.00000  11.00000  -0.28914   0.58084
311  311   8.00000  11.00000   0.87414   0.58070
312  312   7.00000  12.00000   0.51278   0.54353
313  313   4.00000   8.00000   0.18478   0.60814
314  314   2.00000   8.00000  -0.47614   0.66511
315  315  11.00000  14.00000   0.69088   0.53891
316  316   2.00000   4.00000   0.06348   0.83742
317  317   8.00000  11.00000   0.87414   0.58070
318  318   5.00000  12.00000   0.31116   0.52839
319  319   4.00000   8.00000   0.18478   0.60814
320  320   7.00000  12.00000   0.51278   0.54353
321  321   5.00000  11.00000   0.00582   0.56173
322  322   4.00000  12.00000  -0.28902   0.53307
323  323   4.00000  12.00000  -0.28902   0.53307
324  324  10.00000  14.00000   0.44163   0.49025
325  325   5.00000  12.00000   0.31116   0.52839
326  326   5.00000  12.00000  -0.04360   0.50576
327  327   6.00000  12.00000   0.18137   0.49167
328  328   3.00000  12.00000  -0.56897   0.58001
329  329   5.00000   8.00000   0.50985   0.62575
330  330   5.00000  12.00000  -0.04360   0.50576
331  331   3.00000   8.00000  -0.13366   0.61903
332  332   3.00000   8.00000  -0.13366   0.61903
333  333   5.00000   8.00000   0.50985   0.62575
334  334   2.00000   8.00000  -0.47614   0.66511
335  335   7.00000  11.00000   0.58558   0.56119
336  336   4.00000  12.00000  -0.28902   0.53307
337  337   2.00000   8.00000  -0.47614   0.66511
338  338   3.00000   8.00000  -0.13366   0.61903
339  339   3.00000  12.00000  -0.56897   0.58001
340  340   7.00000   8.00000   1.33373   0.80780
341  341   0.00000   8.00000  -1.65453   1.18059
342  342   5.00000  12.00000  -0.04360   0.50576
343  343   2.00000   8.00000  -0.47614   0.66511
344  344   6.00000   8.00000   0.87188   0.67966
345  345   9.00000  12.00000   0.82781   0.52633
346  346   5.00000  12.00000  -0.04360   0.50576
347  347   6.00000  12.00000   0.18137   0.49167
348  348   6.00000  12.00000   0.18137   0.49167
349  349   6.00000  13.00000  -0.21098   0.54410
350  350   2.00000   8.00000  -0.47614   0.66511
351  351   3.00000   8.00000  -0.13366   0.61903
352  352   5.00000  13.00000  -0.48197   0.55791
353  353   6.00000  12.00000   0.18137   0.49167
354  354   1.00000   8.00000  -0.90101   0.78133
355  355   3.00000   5.00000  -0.16692   0.74800
356  356   4.00000  12.00000  -0.28902   0.53307
357  357   7.00000   8.00000   1.33373   0.80780
358  358  10.00000  12.00000   1.08560   0.58218
359  359   2.00000  12.00000  -0.91764   0.66519
360  360   1.00000   8.00000  -0.90101   0.78133
361  361   4.00000  12.00000  -0.28902   0.53307
362  362   7.00000  11.00000   0.58558   0.56119
363  363   2.00000   8.00000  -0.47614   0.66511
364  364   4.00000  12.00000  -0.28902   0.53307
365  365   5.00000  12.00000  -0.04360   0.50576
366  366   4.00000   8.00000   0.18478   0.60814
367  367   5.00000  12.00000  -0.04360   0.50576
368  368   6.00000  12.00000   0.18137   0.49167
369  369   5.00000  12.00000  -0.04360   0.50576
370  370   8.00000  11.00000   0.87414   0.58070
371  371   5.00000   8.00000   0.50985   0.62575
372  372   3.00000  12.00000  -0.30577   0.63004
373  373   5.00000  12.00000  -0.04360   0.50576
374  374   6.00000  11.00000   0.29632   0.55618
375  375   7.00000   8.00000   1.33373   0.80780
376  376   0.00000   8.00000  -1.65453   1.18059
377  377   3.00000  12.00000  -0.30577   0.63004
378  378   8.00000  12.00000   0.60552   0.49907
379  379   6.00000  12.00000   0.18137   0.49167
380  380   6.00000   8.00000   0.87188   0.67966
381  381   3.00000  12.00000  -0.30577   0.63004
382  382   7.00000  13.00000   0.05496   0.54565
383  383   6.00000  12.00000   0.55132   0.50698
384  384   8.00000  13.00000   0.33328   0.56208
385  385   6.00000  12.00000   0.18137   0.49167
386  386   3.00000  12.00000  -0.56897   0.58001
387  387   3.00000   8.00000  -0.13366   0.61903
388  388   3.00000   8.00000  -0.13366   0.61903
389  389   8.00000  12.00000   0.60552   0.49907
390  390   3.00000  14.00000  -0.80366   0.49227
391  391   8.00000  10.00000   0.81186   0.69507
392  392   5.00000  12.00000   0.31116   0.52839
393  393   4.00000  11.00000  -0.28914   0.58084
394  394   6.00000  11.00000   0.29632   0.55618