1  1   6.00000  13.00000  -0.60042   0.65849
2  2   6.00000  11.00000  -0.29417   0.75414
3  3   5.00000  13.00000  -0.99779   0.66827
4  4   8.00000  13.00000   0.28776   0.68064
5  5   8.00000  11.00000   0.99217   0.75317
6  6   3.00000   5.00000  -0.85959   1.13074
7  7   3.00000   5.00000  -0.85959   1.13074
8  8   2.00000  11.00000  -2.59019   1.01793
9  9   6.00000   9.00000   0.37151   0.74447
10  10   8.00000   9.00000   1.80978   1.00846
11  11  10.00000  13.00000   1.04860   0.69184
12  12   6.00000  10.00000  -0.23330   0.63161
13  13   9.00000  13.00000   0.56708   0.67185
14  14   2.00000   9.00000  -1.61765   0.88070
15  15   5.00000   9.00000  -0.07320   0.69756
16  16   5.00000  15.00000  -1.10661   0.61218
17  17   6.00000  10.00000  -0.23330   0.63161
18  18   4.00000   9.00000  -0.47498   0.70284
20  20   1.00000  10.00000  -2.23604   1.00017
21  21   3.00000   5.00000  -0.85959   1.13074
22  22   6.00000   9.00000   0.37151   0.74447
23  23   5.00000   9.00000  -0.07320   0.69756
24  24  12.00000  13.00000   2.05243   0.82666
25  25   3.00000  13.00000  -1.93623   0.79836
26  26   5.00000   9.00000  -0.07320   0.69756
27  27   8.00000  10.00000   0.79008   0.84946
28  28   8.00000  13.00000   0.28776   0.68064
29  29   2.00000  10.00000  -1.46028   0.71045
30  30   6.00000   9.00000   0.37151   0.74447
31  31  10.00000  13.00000   1.19869   0.67789
32  32   5.00000   5.00000   1.92263   1.83898
33  33   9.00000  13.00000   0.77202   0.67852
34  34   8.00000  11.00000   0.99217   0.75317
35  35   8.00000  10.00000   0.79008   0.84946
36  36   3.00000   5.00000  -0.85959   1.13074
37  37   8.00000  11.00000   0.99217   0.75317
38  38   2.00000  10.00000  -1.46028   0.71045
39  39   6.00000  11.00000  -0.29417   0.75414
40  40   5.00000   5.00000   1.92263   1.83898
41  41   9.00000  13.00000   0.77202   0.67852
42  42   5.00000   5.00000   1.92263   1.83898
43  43   3.00000   5.00000  -0.85959   1.13074
44  44   5.00000  11.00000  -0.79773   0.73083
45  45   7.00000  13.00000  -0.18104   0.66783
46  46   7.00000   9.00000   1.00576   0.85169
47  47   7.00000  13.00000  -0.18104   0.66783
48  48  13.00000  13.00000   2.94457   1.30565
49  49   4.00000  10.00000  -0.82584   0.58389
50  50   6.00000   9.00000   0.37151   0.74447
51  51   2.00000   5.00000  -2.03136   1.23621
52  52   4.00000   9.00000  -0.47498   0.70284
53  53   8.00000  13.00000   0.28776   0.68064
54  54   9.00000  11.00000   1.45181   0.75631
55  55   4.00000   5.00000   0.28536   1.22344
56  56   9.00000   9.00000   2.97946   1.53100
57  57   6.00000  13.00000  -0.60042   0.65849
58  58   5.00000  11.00000  -0.79773   0.73083
59  59   1.00000  11.00000  -4.00579   1.66532
60  60   4.00000   5.00000   0.28536   1.22344
61  61   8.00000  10.00000   0.79008   0.84946
62  62  11.00000  11.00000   2.74195   1.27305
63  63   2.00000   9.00000  -1.61765   0.88070
64  64   6.00000  11.00000  -0.29417   0.75414
65  65   2.00000   9.00000  -1.61765   0.88070
66  66   6.00000   8.00000   0.11519   0.87547
67  67   5.00000  10.00000  -0.55628   0.58976
68  68  10.00000  11.00000   1.91993   0.84769
69  69   7.00000  11.00000   0.36403   0.78324
70  70  11.00000  13.00000   1.59338   0.71205
71  71   8.00000  13.00000   0.28776   0.68064
72  72   3.00000   9.00000  -0.94668   0.76150
73  73   7.00000  13.00000  -0.24509   0.62035
74  74   7.00000   9.00000   1.00576   0.85169
75  75   4.00000  13.00000  -1.34964   0.69085
76  76  13.00000  13.00000   2.94457   1.30565
77  77   5.00000  10.00000  -0.55628   0.58976
78  78  13.00000  13.00000   2.76868   1.26451
79  79   3.00000  10.00000  -1.10000   0.61528
80  80   7.00000  10.00000   0.20615   0.71410
81  81   3.00000   5.00000  -0.85959   1.13074
82  82   8.00000  10.00000   0.79008   0.84946
83  83  10.00000  13.00000   1.04860   0.69184
84  84   7.00000  10.00000   0.20615   0.71410
85  85  10.00000  13.00000   1.19869   0.67789
86  86   4.00000   5.00000   0.28536   1.22344
87  87   8.00000  13.00000   0.28776   0.68064
88  88   4.00000  15.00000  -1.48589   0.66870
89  89   2.00000  10.00000  -1.46028   0.71045
90  90   5.00000  10.00000  -0.55628   0.58976
91  91  10.00000  13.00000   1.04860   0.69184
92  92   4.00000  10.00000  -0.82584   0.58389
93  93   3.00000   9.00000  -0.94668   0.76150
95  95   4.00000   5.00000   0.28536   1.22344
96  96   8.00000  13.00000   0.12555   0.64045
97  97   5.00000   5.00000   1.92263   1.83898
98  98   2.00000  10.00000  -1.46028   0.71045
99  99   9.00000  10.00000   1.81010   1.16314
100  100   9.00000  10.00000   1.81010   1.16314
101  101   7.00000  15.00000  -0.47822   0.56770
103  103   5.00000  11.00000  -0.79773   0.73083
104  104   5.00000   9.00000  -0.07320   0.69756
105  105   3.00000   9.00000  -0.94668   0.76150
106  106   2.00000   9.00000  -1.61765   0.88070
107  107   8.00000  10.00000   0.79008   0.84946
108  108   1.00000  10.00000  -2.23604   1.00017
109  109   3.00000   5.00000  -0.85959   1.13074
110  110   3.00000   5.00000  -0.85959   1.13074
111  111   7.00000  13.00000  -0.18104   0.66783
112  112   6.00000  10.00000  -0.23330   0.63161
113  113   8.00000  10.00000   0.79008   0.84946
114  114   6.00000  13.00000  -0.60042   0.65849
115  115   6.00000  11.00000  -0.29417   0.75414
116  116  11.00000  11.00000   2.74195   1.27305
117  117   2.00000   9.00000  -1.61765   0.88070
118  118   8.00000  11.00000   0.99217   0.75317
119  119   5.00000  10.00000  -0.55628   0.58976
120  120   3.00000   9.00000  -0.94668   0.76150
121  121   7.00000   9.00000   1.00576   0.85169
122  122   5.00000   9.00000  -0.07320   0.69756
123  123   2.00000   5.00000  -2.03136   1.23621
124  124   8.00000  15.00000  -0.18148   0.56798
125  125   2.00000   5.00000  -2.03136   1.23621
126  126   2.00000  13.00000  -2.60969   0.99437
127  127   2.00000   5.00000  -2.03136   1.23621
128  128   2.00000   5.00000  -2.03136   1.23621
129  129   6.00000  15.00000  -0.78022   0.58129
130  130   6.00000  15.00000  -0.78022   0.58129
131  131  11.00000  15.00000   0.85784   0.62214
132  132   3.00000   5.00000  -0.85959   1.13074
133  133   5.00000   5.00000   1.92263   1.83898
134  134   6.00000  13.00000  -0.59153   0.61969
135  135   4.00000  13.00000  -1.34964   0.69085
136  136   5.00000  15.00000  -1.10661   0.61218
137  137   3.00000   5.00000  -0.85959   1.13074
138  138   3.00000  13.00000  -1.85816   0.78978
139  139   1.00000   5.00000  -3.71987   1.86357
140  140   6.00000  15.00000  -0.78022   0.58129
141  141  10.00000  13.00000   1.04860   0.69184
142  142   2.00000   5.00000  -2.03136   1.23621
143  143   4.00000  13.00000  -1.34964   0.69085
144  144   7.00000  13.00000  -0.24509   0.62035
145  145   7.00000  13.00000  -0.18104   0.66783
146  146  11.00000  15.00000   0.85784   0.62214
147  147   4.00000  13.00000  -1.41958   0.70836
148  148   4.00000   9.00000  -0.47498   0.70284
149  149   4.00000   5.00000   0.28536   1.22344
150  150   7.00000  15.00000  -0.47822   0.56770
151  151   7.00000  13.00000  -0.24509   0.62035
152  152   8.00000  15.00000  -0.18148   0.56798
153  153  11.00000  13.00000   1.48115   0.72432
154  154   7.00000  10.00000   0.20615   0.71410
155  155   9.00000  13.00000   0.77202   0.67852
156  156   7.00000  10.00000   0.20615   0.71410
157  157   4.00000   5.00000   0.28536   1.22344
158  158   7.00000  11.00000   0.36403   0.78324
159  159   4.00000  11.00000  -1.26800   0.74958
160  160   7.00000  13.00000  -0.18104   0.66783
161  161   6.00000  11.00000  -0.29417   0.75414
162  162   4.00000  11.00000  -1.26800   0.74958
163  163   5.00000   9.00000  -0.07320   0.69756
164  164   8.00000  13.00000   0.28776   0.68064
165  165   2.00000  10.00000  -1.46028   0.71045
166  166   5.00000  13.00000  -0.99779   0.66827
167  167   6.00000   9.00000   0.37151   0.74447
168  168   6.00000  10.00000  -0.23330   0.63161
169  169   8.00000  13.00000   0.28776   0.68064
170  170   4.00000   9.00000  -0.47498   0.70284
171  171   3.00000   5.00000  -0.85959   1.13074
172  172   4.00000   5.00000   0.28536   1.22344
173  173   4.00000  10.00000  -0.82584   0.58389
174  174   7.00000  11.00000   0.36403   0.78324
175  175   5.00000   5.00000   1.92263   1.83898
176  176   8.00000  10.00000   0.79008   0.84946
177  177   9.00000  13.00000   0.77202   0.67852
178  178   5.00000   5.00000   1.92263   1.83898
179  179   4.00000  11.00000  -1.26800   0.74958
180  180  11.00000  13.00000   1.59338   0.71205
181  181   6.00000  11.00000  -0.29417   0.75414
182  182   0.00000   9.00000  -3.97090   1.70240
183  183   5.00000  10.00000  -0.55628   0.58976
184  184   4.00000   9.00000  -0.47498   0.70284
185  185   6.00000   9.00000   0.37151   0.74447
186  186   6.00000  10.00000  -0.23330   0.63161
187  187   4.00000   9.00000  -0.47498   0.70284
188  188   8.00000  10.00000   0.79008   0.84946
189  189   7.00000   9.00000   1.00576   0.85169
190  190   2.00000   9.00000  -1.61765   0.88070
191  191   5.00000   9.00000  -0.07320   0.69756
192  192   6.00000  10.00000  -0.23330   0.63161
193  193   8.00000  10.00000   0.79008   0.84946
194  194   8.00000  10.00000   0.79008   0.84946
195  195   4.00000  10.00000  -0.82584   0.58389
196  196   2.00000   9.00000  -1.61765   0.88070
197  197   9.00000  13.00000   0.77202   0.67852
198  198  13.00000  13.00000   2.94457   1.30565
199  199   8.00000  11.00000   0.99217   0.75317
200  200   2.00000  10.00000  -1.46028   0.71045
201  201   8.00000  11.00000   0.99217   0.75317
202  202   8.00000  11.00000   0.99217   0.75317
203  203   4.00000   5.00000   0.28536   1.22344
204  204   4.00000   5.00000   0.28536   1.22344
205  205  12.00000  13.00000   2.05243   0.82666
206  206   5.00000   5.00000   1.92263   1.83898
207  207   4.00000   5.00000   0.28536   1.22344
208  208   4.00000   5.00000   0.28536   1.22344
209  209  10.00000  13.00000   1.19869   0.67789
210  210   1.00000  11.00000  -4.00579   1.66532
211  211   5.00000   5.00000   1.92263   1.83898
212  212   4.00000   5.00000   0.28536   1.22344
213  213  10.00000  11.00000   1.91993   0.84769
214  214   7.00000  13.00000  -0.18104   0.66783
215  215   6.00000  11.00000  -0.29417   0.75414
216  216   6.00000  11.00000  -0.29417   0.75414
217  217   8.00000  11.00000   0.99217   0.75317
218  218   4.00000   5.00000   0.28536   1.22344
219  219   5.00000   5.00000   1.92263   1.83898
220  220   4.00000   5.00000   0.28536   1.22344
221  221   8.00000  13.00000   0.28776   0.68064
222  222   4.00000   5.00000   0.28536   1.22344
223  223   6.00000  11.00000  -0.29417   0.75414
224  224   5.00000   9.00000  -0.07320   0.69756
225  225   6.00000   9.00000   0.37151   0.74447
226  226   2.00000  13.00000  -2.60969   0.99437
227  227   3.00000   5.00000  -0.85959   1.13074
228  228   7.00000   9.00000   1.00576   0.85169
229  229   4.00000  10.00000  -0.82584   0.58389
230  230   3.00000   5.00000  -0.85959   1.13074
231  231   7.00000  15.00000  -0.47822   0.56770
232  232   3.00000  10.00000  -1.10000   0.61528
233  233   9.00000  13.00000   0.56708   0.67185
234  234   4.00000   5.00000   0.28536   1.22344
235  235   8.00000  13.00000   0.12555   0.64045
236  236   4.00000  15.00000  -1.48589   0.66870
237  237   5.00000   9.00000  -0.07320   0.69756
238  238   3.00000   5.00000  -0.85959   1.13074
239  239   5.00000  10.00000  -0.55628   0.58976
240  240   7.00000  10.00000   0.20615   0.71410
241  241   5.00000   9.00000  -0.07320   0.69756
242  242   9.00000  13.00000   0.56708   0.67185
243  243   1.00000  10.00000  -2.23604   1.00017
244  244   3.00000   5.00000  -0.85959   1.13074
245  245   5.00000   9.00000  -0.07320   0.69756
246  246   3.00000  10.00000  -1.10000   0.61528
247  247   9.00000  15.00000   0.12925   0.58032
248  248   4.00000   9.00000  -0.47498   0.70284
249  249   5.00000  10.00000  -0.55628   0.58976
250  250   7.00000   9.00000   1.00576   0.85169
251  251   8.00000  13.00000   0.12555   0.64045
252  252   6.00000  13.00000  -0.59153   0.61969
253  253   6.00000  10.00000  -0.23330   0.63161
254  254   3.00000   5.00000  -0.85959   1.13074
255  255   1.00000   8.00000  -1.53895   0.92177
256  256   5.00000   9.00000  -0.07320   0.69756
257  257   6.00000  10.00000  -0.23330   0.63161
258  258   6.00000  10.00000  -0.23330   0.63161
259  259   4.00000   9.00000  -0.47498   0.70284
260  260   9.00000  13.00000   0.56708   0.67185
261  261   7.00000  15.00000  -0.47822   0.56770
262  262   9.00000  13.00000   0.56708   0.67185
263  263   5.00000  10.00000  -0.55628   0.58976
264  264   3.00000   5.00000  -0.85959   1.13074
265  265   5.00000   9.00000  -0.07320   0.69756
266  266   5.00000   5.00000   1.92263   1.83898
267  267  10.00000  13.00000   1.04860   0.69184
268  268   9.00000  13.00000   0.56708   0.67185
269  269   9.00000  13.00000   0.56708   0.67185
270  270   7.00000   9.00000   1.00576   0.85169
271  271   8.00000  10.00000   0.79008   0.84946
272  272   7.00000  10.00000   0.20615   0.71410
273  273   8.00000   9.00000   1.80978   1.00846
274  274   9.00000  15.00000   0.12925   0.58032
275  275   6.00000   9.00000   0.37151   0.74447
276  276   2.00000   5.00000  -2.03136   1.23621
277  277   6.00000   9.00000   0.37151   0.74447
278  278   3.00000  10.00000  -1.10000   0.61528
279  279   3.00000   5.00000  -0.85959   1.13074
280  280   2.00000   2.00000   1.57644   1.82382
281  281   5.00000   5.00000   1.92263   1.83898
282  282  11.00000  13.00000   1.48115   0.72432
283  283   7.00000  10.00000   0.20615   0.71410
284  284   5.00000   5.00000   1.92263   1.83898
285  285   4.00000   5.00000   0.28536   1.22344
286  286   4.00000   5.00000   0.28536   1.22344
287  287   6.00000  15.00000  -0.78022   0.58129
288  288   4.00000   9.00000  -0.47498   0.70284
289  289   5.00000  15.00000  -1.10661   0.61218
290  290   7.00000   9.00000   1.00576   0.85169
291  291   4.00000  15.00000  -1.48589   0.66870
292  292   5.00000   5.00000   1.92263   1.83898
293  293   4.00000  15.00000  -1.48589   0.66870
294  294   6.00000  13.00000  -0.59153   0.61969
295  295   7.00000  10.00000   0.20615   0.71410
296  296   4.00000   5.00000   0.28536   1.22344
297  297   5.00000  13.00000  -0.94828   0.64080
298  298   9.00000  15.00000   0.12925   0.58032
299  299   5.00000   9.00000  -0.07320   0.69756
300  300   3.00000  10.00000  -1.10000   0.61528
301  301   7.00000  15.00000  -0.47822   0.56770
302  302  11.00000  15.00000   0.85784   0.62214
303  303  10.00000  13.00000   1.04860   0.69184
304  304   7.00000  10.00000   0.20615   0.71410
305  305   3.00000   9.00000  -0.94668   0.76150
306  306   8.00000  13.00000   0.12555   0.64045
307  307   5.00000  10.00000  -0.55628   0.58976
308  308   6.00000   9.00000   0.37151   0.74447
309  309   5.00000   5.00000   1.92263   1.83898
310  310   9.00000  15.00000   0.12925   0.58032
311  311  10.00000  15.00000   0.47498   0.60117
312  312   5.00000   5.00000   1.92263   1.83898
313  313   6.00000   9.00000   0.37151   0.74447
314  314   8.00000   9.00000   1.80978   1.00846
315  315   5.00000   5.00000   1.92263   1.83898
316  316   0.00000   2.00000  -0.69329   1.40182
317  317   9.00000  15.00000   0.12925   0.58032
318  318  10.00000  13.00000   1.04860   0.69184
319  319   7.00000   9.00000   1.00576   0.85169
320  320   3.00000   5.00000  -0.85959   1.13074
321  321  10.00000  13.00000   1.19869   0.67789
322  322   6.00000  10.00000  -0.23330   0.63161
323  323   4.00000  10.00000  -0.82584   0.58389
324  324   5.00000   5.00000   1.92263   1.83898
325  325   6.00000  11.00000  -0.29417   0.75414
326  326   2.00000  10.00000  -1.46028   0.71045
327  327   7.00000  10.00000   0.20615   0.71410
328  328   8.00000  10.00000   0.79008   0.84946
329  329   2.00000   9.00000  -1.61765   0.88070
330  330   9.00000  10.00000   1.81010   1.16314
331  331   8.00000   9.00000   1.80978   1.00846
332  332   2.00000   9.00000  -1.61765   0.88070
333  333   3.00000   9.00000  -0.94668   0.76150
334  334   4.00000   9.00000  -0.47498   0.70284
335  335   9.00000  13.00000   0.77202   0.67852
336  336   6.00000  10.00000  -0.23330   0.63161
337  337   5.00000   9.00000  -0.07320   0.69756
338  338   6.00000   9.00000   0.37151   0.74447
339  339   4.00000  10.00000  -0.82584   0.58389
340  340   2.00000   9.00000  -1.61765   0.88070
341  341   2.00000   9.00000  -1.61765   0.88070
342  342   7.00000  10.00000   0.20615   0.71410
343  343   2.00000   9.00000  -1.61765   0.88070
344  344   7.00000   9.00000   1.00576   0.85169
345  345   5.00000  10.00000  -0.55628   0.58976
346  346  10.00000  10.00000   3.83779   1.95323
347  347   9.00000  10.00000   1.81010   1.16314
348  348   7.00000  10.00000   0.20615   0.71410
349  349   5.00000   5.00000   1.92263   1.83898
350  350   5.00000   9.00000  -0.07320   0.69756
351  351   5.00000   9.00000  -0.07320   0.69756
352  352   4.00000   5.00000   0.28536   1.22344
353  353   2.00000  10.00000  -1.46028   0.71045
354  354   6.00000   9.00000   0.37151   0.74447
355  355   6.00000   6.00000   2.42757   1.22205
356  356   8.00000  10.00000   0.79008   0.84946
357  357   7.00000   9.00000   1.00576   0.85169
358  358   8.00000  10.00000   0.79008   0.84946
359  359   6.00000  10.00000  -0.23330   0.63161
360  360   7.00000   9.00000   1.00576   0.85169
361  361   6.00000  10.00000  -0.23330   0.63161
362  362   6.00000  13.00000  -0.60042   0.65849
363  363   2.00000   9.00000  -1.61765   0.88070
364  364   7.00000  10.00000   0.20615   0.71410
365  365   3.00000  10.00000  -1.10000   0.61528
366  366   8.00000   9.00000   1.80978   1.00846
367  367   1.00000  10.00000  -2.23604   1.00017
368  368   7.00000  10.00000   0.20615   0.71410
369  369   6.00000  10.00000  -0.23330   0.63161
370  370   6.00000  13.00000  -0.60042   0.65849
371  371   6.00000   9.00000   0.37151   0.74447
372  372   9.00000  11.00000   1.45181   0.75631
373  373   7.00000  10.00000   0.20615   0.71410
374  374   9.00000  13.00000   0.77202   0.67852
375  375   2.00000   9.00000  -1.61765   0.88070
376  376   4.00000   9.00000  -0.47498   0.70284
377  377   6.00000  11.00000  -0.29417   0.75414
378  378   8.00000  10.00000   0.79008   0.84946
379  379   2.00000  10.00000  -1.46028   0.71045
380  380   3.00000   9.00000  -0.94668   0.76150
381  381   7.00000  11.00000   0.36403   0.78324
382  382   4.00000   5.00000   0.28536   1.22344
383  383   7.00000  11.00000   0.36403   0.78324
384  384   3.00000   5.00000  -0.85959   1.13074
385  385   9.00000  10.00000   1.81010   1.16314
386  386   5.00000  10.00000  -0.55628   0.58976
387  387   4.00000   9.00000  -0.47498   0.70284
388  388   4.00000   9.00000  -0.47498   0.70284
389  389   7.00000  10.00000   0.20615   0.71410
390  390   5.00000   5.00000   1.92263   1.83898
391  391   3.00000   5.00000  -0.85959   1.13074
392  392   3.00000  11.00000  -1.81427   0.82774
393  393  10.00000  13.00000   1.19869   0.67789
394  394  11.00000  13.00000   1.59338   0.71205