1  1   7.00000  15.00000  -0.37238   0.44396
2  2   8.00000  14.00000  -0.20831   0.43029
3  3   9.00000  15.00000  -0.08747   0.43322
4  4   9.00000  15.00000  -0.08747   0.43322
5  5   8.00000  14.00000  -0.20831   0.43029
6  6   9.00000  14.00000  -0.07041   0.43538
7  7   6.00000  14.00000  -0.50709   0.47241
8  8   8.00000  14.00000  -0.20831   0.43029
9  9  12.00000  14.00000   0.39542   0.61067
10  10  14.00000  14.00000   3.28175   1.82150
11  11   9.00000  14.00000  -0.07041   0.43538
12  12   7.00000  16.00000  -0.40952   0.41030
13  13   8.00000  14.00000  -0.20831   0.43029
14  14   7.00000  14.00000  -0.46436   0.44414
15  15   6.00000  14.00000  -0.64146   0.47553
16  16   6.00000  15.00000  -0.54074   0.47787
17  17  13.00000  16.00000   0.51999   0.52505
18  18   7.00000  14.00000  -0.46436   0.44414
19  19   3.00000   4.00000   0.36432   1.88179
20  20  11.00000  16.00000   0.11370   0.42347
21  21  10.00000  14.00000   0.08087   0.45826
22  22  12.00000  14.00000   0.39542   0.61067
23  23  12.00000  14.00000   0.39542   0.61067
24  24  13.00000  15.00000   0.92662   0.66718
25  25   5.00000  15.00000  -0.77877   0.54949
26  26  10.00000  14.00000  -0.03250   0.45377
27  27  11.00000  16.00000   0.11370   0.42347
28  28  12.00000  15.00000   0.54293   0.56297
29  29   8.00000  16.00000  -0.27861   0.39720
30  30  10.00000  14.00000  -0.03250   0.45377
31  31   9.00000  15.00000  -0.08747   0.43322
32  32  11.00000  14.00000   0.27089   0.50939
33  33  11.00000  15.00000   0.26145   0.49125
34  34  12.00000  14.00000   0.56721   0.62186
35  35  10.00000  16.00000  -0.02747   0.40309
36  36   9.00000  14.00000  -0.07041   0.43538
37  37   9.00000  14.00000  -0.07041   0.43538
38  38   7.00000  16.00000  -0.40952   0.41030
39  39   8.00000  14.00000  -0.20831   0.43029
40  40   9.00000  14.00000  -0.07041   0.43538
41  41   8.00000  15.00000  -0.22804   0.43084
42  42  10.00000  14.00000   0.08087   0.45826
43  43  11.00000  14.00000   0.27089   0.50939
44  44  11.00000  14.00000   0.27089   0.50939
45  45  12.00000  15.00000   0.54293   0.56297
46  46  13.00000  14.00000   1.52786   1.12824
47  47  10.00000  15.00000   0.06687   0.45155
48  48  11.00000  15.00000   0.26145   0.49125
49  49   9.00000  16.00000  -0.15489   0.39501
50  50  12.00000  14.00000   0.39542   0.61067
51  51  11.00000  14.00000   0.27089   0.50939
52  52  12.00000  14.00000   0.39542   0.61067
53  53   8.00000  15.00000  -0.22804   0.43084
54  54   7.00000  14.00000  -0.34793   0.44110
55  55   8.00000  14.00000  -0.20831   0.43029
56  56  11.00000  14.00000   0.13765   0.49941
57  57   4.00000  15.00000  -1.21426   0.70034
58  58   8.00000  14.00000  -0.20831   0.43029
59  59   8.00000  14.00000  -0.20831   0.43029
60  60   5.00000  14.00000  -0.72471   0.54162
61  61  12.00000  16.00000   0.28634   0.46046
62  62  10.00000  14.00000   0.08087   0.45826
63  63  10.00000  14.00000  -0.03250   0.45377
64  64  14.00000  14.00000   3.14171   1.82086
65  65  10.00000  14.00000  -0.03250   0.45377
66  66  13.00000  16.00000   0.51999   0.52505
67  67  14.00000  16.00000   0.86431   0.63445
68  68   6.00000  14.00000  -0.50709   0.47241
69  69  12.00000  14.00000   0.56721   0.62186
70  70   6.00000  15.00000  -0.54074   0.47787
71  71  11.00000  15.00000   0.26145   0.49125
72  72   9.00000  14.00000  -0.17629   0.43409
73  73  12.00000  14.00000   0.56721   0.62186
74  74   7.00000  14.00000  -0.46436   0.44414
75  75   7.00000  14.00000  -0.34793   0.44110
76  76   5.00000  15.00000  -0.77877   0.54949
77  77  10.00000  16.00000  -0.02747   0.40309
78  78  10.00000  14.00000   0.08087   0.45826
79  79  13.00000  16.00000   0.51999   0.52505
80  80  11.00000  16.00000   0.11370   0.42347
81  81  10.00000  14.00000   0.08087   0.45826
82  82   7.00000  16.00000  -0.40952   0.41030
83  83  10.00000  14.00000   0.08087   0.45826
84  84   6.00000  16.00000  -0.56061   0.43733
85  85  11.00000  15.00000   0.26145   0.49125
86  86   5.00000   8.00000  -0.01439   0.75855
87  87   9.00000  15.00000  -0.08747   0.43322
88  88  11.00000  15.00000   0.26145   0.49125
89  89  13.00000  16.00000   0.51999   0.52505
90  90  11.00000  16.00000   0.11370   0.42347
91  91   5.00000  14.00000  -0.72471   0.54162
92  92  12.00000  16.00000   0.28634   0.46046
93  93   8.00000  14.00000  -0.31529   0.43140
94  94   2.00000   2.00000  -0.12152   2.30940
95  95  12.00000  14.00000   0.56721   0.62186
96  96  12.00000  14.00000   0.56721   0.62186
97  97   7.00000  14.00000  -0.34793   0.44110
98  98   7.00000  16.00000  -0.40952   0.41030
99  99  12.00000  16.00000   0.28634   0.46046
100  100  14.00000  16.00000   0.86431   0.63445
101  101   7.00000  15.00000  -0.37238   0.44396
102  102   2.00000   2.00000  -0.12152   2.30940
103  103  12.00000  14.00000   0.56721   0.62186
104  104   5.00000  14.00000  -0.87315   0.53434
105  105   8.00000  14.00000  -0.31529   0.43140
106  106   8.00000  14.00000  -0.31529   0.43140
107  107  11.00000  16.00000   0.11370   0.42347
108  108  12.00000  16.00000   0.28634   0.46046
109  109   6.00000  14.00000  -0.50709   0.47241
110  110  11.00000  14.00000   0.27089   0.50939
111  111   8.00000  15.00000  -0.22804   0.43084
112  112   8.00000  16.00000  -0.27861   0.39720
113  113   7.00000  16.00000  -0.40952   0.41030
114  114  11.00000  15.00000   0.26145   0.49125
115  115   9.00000  14.00000  -0.07041   0.43538
116  116   5.00000  14.00000  -0.72471   0.54162
117  117   7.00000  14.00000  -0.46436   0.44414
118  118  12.00000  14.00000   0.56721   0.62186
119  119   8.00000  16.00000  -0.27861   0.39720
120  120  11.00000  14.00000   0.13765   0.49941
121  121  11.00000  14.00000   0.13765   0.49941
122  122  11.00000  14.00000   0.13765   0.49941
123  123   5.00000  14.00000  -0.72471   0.54162
124  124  11.00000  15.00000   0.26145   0.49125
125  125  13.00000  14.00000   1.27460   0.94638
126  126   7.00000  14.00000  -0.34793   0.44110
127  127   9.00000  14.00000  -0.07041   0.43538
128  128   7.00000  14.00000  -0.34793   0.44110
129  129   7.00000  15.00000  -0.37238   0.44396
130  130   8.00000  15.00000  -0.22804   0.43084
131  131   9.00000  15.00000  -0.08747   0.43322
132  132   6.00000  14.00000  -0.50709   0.47241
133  133  12.00000  14.00000   0.56721   0.62186
134  134   4.00000  14.00000  -1.16095   0.71530
135  135   6.00000  14.00000  -0.50709   0.47241
136  136   9.00000  15.00000  -0.08747   0.43322
137  137  10.00000  14.00000   0.08087   0.45826
138  138   2.00000  11.00000  -0.87747   0.61540
139  139  11.00000  14.00000   0.27089   0.50939
140  140   9.00000  15.00000  -0.08747   0.43322
141  141  10.00000  14.00000   0.08087   0.45826
142  142   7.00000   8.00000   1.14516   1.04523
143  143   7.00000  14.00000  -0.34793   0.44110
144  144   7.00000  14.00000  -0.34793   0.44110
145  145  11.00000  15.00000   0.26145   0.49125
146  146   8.00000  15.00000  -0.22804   0.43084
147  147   7.00000  15.00000  -0.37238   0.44396
148  148  11.00000  14.00000   0.13765   0.49941
149  149  11.00000  14.00000   0.27089   0.50939
150  150   4.00000  15.00000  -1.21426   0.70034
151  151   8.00000  14.00000  -0.20831   0.43029
152  152   6.00000  15.00000  -0.54074   0.47787
153  153  12.00000  14.00000   0.56721   0.62186
154  154  11.00000  16.00000   0.11370   0.42347
155  155   9.00000  15.00000  -0.08747   0.43322
156  156   8.00000  16.00000  -0.27861   0.39720
157  157   5.00000  14.00000  -0.72471   0.54162
158  158  10.00000  14.00000   0.08087   0.45826
159  159   7.00000  10.00000   0.06292   0.46857
160  160   6.00000  15.00000  -0.54074   0.47787
161  161   7.00000  14.00000  -0.34793   0.44110
162  162   7.00000  14.00000  -0.34793   0.44110
163  163  12.00000  14.00000   0.39542   0.61067
164  164   7.00000  15.00000  -0.37238   0.44396
165  165   9.00000  16.00000  -0.15489   0.39501
166  166   7.00000  15.00000  -0.37238   0.44396
167  167   9.00000  14.00000  -0.17629   0.43409
168  168  15.00000  16.00000   1.41246   0.83657
169  169  14.00000  15.00000   1.45549   0.85516
170  170  10.00000  14.00000  -0.03250   0.45377
171  171  11.00000  14.00000   0.27089   0.50939
172  172  10.00000  14.00000   0.08087   0.45826
173  173  12.00000  16.00000   0.28634   0.46046
174  174  11.00000  14.00000   0.27089   0.50939
175  175  12.00000  14.00000   0.56721   0.62186
176  176  12.00000  16.00000   0.28634   0.46046
177  177  12.00000  15.00000   0.54293   0.56297
178  178  13.00000  14.00000   1.27460   0.94638
179  179   6.00000  14.00000  -0.50709   0.47241
180  180   6.00000  15.00000  -0.54074   0.47787
181  181  11.00000  14.00000   0.27089   0.50939
182  182  10.00000  14.00000  -0.03250   0.45377
183  183   7.00000  16.00000  -0.40952   0.41030
184  184   7.00000  14.00000  -0.46436   0.44414
185  185   6.00000  14.00000  -0.64146   0.47553
186  186   6.00000  16.00000  -0.56061   0.43733
187  187   9.00000  14.00000  -0.17629   0.43409
188  188  11.00000  16.00000   0.11370   0.42347
189  189  12.00000  14.00000   0.39542   0.61067
190  190   7.00000  14.00000  -0.46436   0.44414
191  191   8.00000  14.00000  -0.31529   0.43140
192  192  14.00000  16.00000   0.86431   0.63445
193  193  15.00000  16.00000   1.41246   0.83657
194  194   8.00000  16.00000  -0.27861   0.39720
195  195   5.00000  16.00000  -0.75531   0.48657
196  196   9.00000  14.00000  -0.17629   0.43409
197  197  13.00000  15.00000   0.92662   0.66718
198  198  11.00000  15.00000   0.26145   0.49125
199  199  10.00000  14.00000   0.08087   0.45826
200  200   8.00000  16.00000  -0.27861   0.39720
201  201  13.00000  14.00000   1.27460   0.94638
202  202   7.00000  14.00000  -0.34793   0.44110
203  203  11.00000  14.00000   0.27089   0.50939
204  204   4.00000  14.00000  -1.16095   0.71530
205  205  12.00000  15.00000   0.54293   0.56297
206  206   8.00000  14.00000  -0.20831   0.43029
207  207  12.00000  14.00000   0.56721   0.62186
208  208   5.00000   8.00000  -0.01439   0.75855
209  209  14.00000  15.00000   1.45549   0.85516
210  210  12.00000  14.00000   0.56721   0.62186
211  211  12.00000  14.00000   0.56721   0.62186
212  212   6.00000   8.00000   0.41582   0.80325
213  213   9.00000  14.00000  -0.07041   0.43538
214  214  10.00000  15.00000   0.06687   0.45155
215  215  10.00000  14.00000   0.08087   0.45826
216  216  13.00000  14.00000   1.27460   0.94638
217  217  13.00000  14.00000   1.27460   0.94638
218  218   7.00000  14.00000  -0.34793   0.44110
219  219  12.00000  14.00000   0.56721   0.62186
220  220  10.00000  14.00000   0.08087   0.45826
221  221  10.00000  15.00000   0.06687   0.45155
222  222  12.00000  14.00000   0.56721   0.62186
223  223   5.00000  14.00000  -0.72471   0.54162
224  224   8.00000  14.00000  -0.31529   0.43140
225  225  10.00000  14.00000  -0.03250   0.45377
226  226   4.00000  14.00000  -1.16095   0.71530
227  227   8.00000  14.00000  -0.20831   0.43029
228  228  13.00000  14.00000   1.52786   1.12824
229  229   4.00000  16.00000  -1.04226   0.57272
230  230   6.00000   8.00000   0.41582   0.80325
231  231   7.00000  15.00000  -0.37238   0.44396
232  232  10.00000  16.00000  -0.02747   0.40309
233  233  13.00000  14.00000   1.27460   0.94638
234  234  10.00000  14.00000   0.08087   0.45826
235  235  12.00000  14.00000   0.56721   0.62186
236  236  11.00000  15.00000   0.26145   0.49125
237  237   7.00000  14.00000  -0.46436   0.44414
238  238   8.00000  14.00000  -0.20831   0.43029
239  239  12.00000  16.00000   0.28634   0.46046
240  240   9.00000  16.00000  -0.15489   0.39501
241  241  10.00000  14.00000  -0.03250   0.45377
242  242  11.00000  14.00000   0.27089   0.50939
243  243   9.00000  16.00000  -0.15489   0.39501
244  244   9.00000  14.00000  -0.07041   0.43538
245  245  11.00000  14.00000   0.13765   0.49941
246  246  10.00000  16.00000  -0.02747   0.40309
247  247   5.00000  15.00000  -0.77877   0.54949
248  248   8.00000  14.00000  -0.31529   0.43140
249  249   8.00000  16.00000  -0.27861   0.39720
250  250   7.00000  14.00000  -0.46436   0.44414
251  251  12.00000  14.00000   0.56721   0.62186
252  252  10.00000  14.00000   0.08087   0.45826
253  253   9.00000  16.00000  -0.15489   0.39501
254  254   5.00000  14.00000  -0.72471   0.54162
255  255   0.00000   5.00000  -1.83161   1.43899
256  256   7.00000  14.00000  -0.46436   0.44414
257  257  11.00000  16.00000   0.11370   0.42347
258  258  13.00000  16.00000   0.51999   0.52505
259  259  12.00000  14.00000   0.39542   0.61067
260  260  10.00000  14.00000   0.08087   0.45826
261  261   8.00000  15.00000  -0.22804   0.43084
262  262  10.00000  14.00000   0.08087   0.45826
263  263   8.00000  16.00000  -0.27861   0.39720
264  264   5.00000  14.00000  -0.72471   0.54162
265  265   8.00000  14.00000  -0.31529   0.43140
266  266   6.00000   8.00000   0.41582   0.80325
267  267   7.00000  14.00000  -0.34793   0.44110
268  268  11.00000  14.00000   0.27089   0.50939
269  269   8.00000  14.00000  -0.20831   0.43029
270  270   9.00000  14.00000  -0.17629   0.43409
271  271  16.00000  16.00000   2.59989   1.47369
272  272   9.00000  16.00000  -0.15489   0.39501
273  273  13.00000  14.00000   1.52786   1.12824
274  274  12.00000  15.00000   0.54293   0.56297
275  275   9.00000  14.00000  -0.17629   0.43409
276  276   5.00000  14.00000  -0.72471   0.54162
277  277  10.00000  14.00000  -0.03250   0.45377
278  278   6.00000  16.00000  -0.56061   0.43733
279  279   6.00000  14.00000  -0.50709   0.47241
280  280   3.00000   4.00000   0.36432   1.88179
281  281  12.00000  14.00000   0.56721   0.62186
282  282   9.00000  14.00000  -0.07041   0.43538
283  283   9.00000  16.00000  -0.15489   0.39501
284  284   8.00000  14.00000  -0.20831   0.43029
285  285   5.00000  14.00000  -0.72471   0.54162
286  286  12.00000  14.00000   0.56721   0.62186
287  287   6.00000  15.00000  -0.54074   0.47787
288  288  11.00000  14.00000   0.13765   0.49941
289  289   7.00000  15.00000  -0.37238   0.44396
290  290  12.00000  14.00000   0.39542   0.61067
291  291   7.00000  15.00000  -0.37238   0.44396
292  292  11.00000  14.00000   0.27089   0.50939
293  293   8.00000  15.00000  -0.22804   0.43084
294  294  11.00000  14.00000   0.27089   0.50939
295  295   8.00000  16.00000  -0.27861   0.39720
296  296   5.00000  14.00000  -0.72471   0.54162
297  297  10.00000  14.00000   0.08087   0.45826
298  298  14.00000  15.00000   1.45549   0.85516
299  299   9.00000  14.00000  -0.17629   0.43409
300  300   6.00000  16.00000  -0.56061   0.43733
301  301   5.00000  15.00000  -0.77877   0.54949
302  302   7.00000  15.00000  -0.37238   0.44396
303  303  12.00000  14.00000   0.56721   0.62186
304  304  15.00000  16.00000   1.41246   0.83657
305  305   6.00000  14.00000  -0.64146   0.47553
306  306   8.00000  14.00000  -0.20831   0.43029
307  307   3.00000  16.00000  -1.49690   0.71383
308  308   9.00000  14.00000  -0.17629   0.43409
309  309  10.00000  14.00000   0.08087   0.45826
310  310   7.00000  15.00000  -0.37238   0.44396
311  311   5.00000  15.00000  -0.77877   0.54949
312  312  10.00000  14.00000   0.08087   0.45826
313  313   5.00000  14.00000  -0.87315   0.53434
314  314  12.00000  14.00000   0.39542   0.61067
315  315  13.00000  14.00000   1.27460   0.94638
317  317   5.00000  15.00000  -0.77877   0.54949
318  318  12.00000  14.00000   0.56721   0.62186
319  319   9.00000  14.00000  -0.17629   0.43409
320  320   4.00000  14.00000  -1.16095   0.71530
321  321   9.00000  15.00000  -0.08747   0.43322
322  322  11.00000  16.00000   0.11370   0.42347
323  323   9.00000  16.00000  -0.15489   0.39501
324  324   5.00000  14.00000  -0.72471   0.54162
325  325   7.00000  14.00000  -0.34793   0.44110
326  326  11.00000  16.00000   0.11370   0.42347
327  327  10.00000  16.00000  -0.02747   0.40309
328  328  15.00000  16.00000   1.41246   0.83657
329  329   7.00000  14.00000  -0.46436   0.44414
330  330   8.00000  16.00000  -0.27861   0.39720
331  331  12.00000  14.00000   0.39542   0.61067
332  332  11.00000  14.00000   0.13765   0.49941
333  333  11.00000  14.00000   0.13765   0.49941
334  334  12.00000  14.00000   0.39542   0.61067
335  335   7.00000  15.00000  -0.37238   0.44396
336  336   5.00000  16.00000  -0.75531   0.48657
337  337  12.00000  14.00000   0.39542   0.61067
338  338  12.00000  14.00000   0.39542   0.61067
339  339  13.00000  16.00000   0.51999   0.52505
340  340   7.00000  14.00000  -0.46436   0.44414
341  341   6.00000  14.00000  -0.64146   0.47553
342  342  11.00000  16.00000   0.11370   0.42347
343  343  12.00000  14.00000   0.39542   0.61067
344  344   8.00000  14.00000  -0.31529   0.43140
345  345  13.00000  16.00000   0.51999   0.52505
346  346  10.00000  16.00000  -0.02747   0.40309
347  347   8.00000  16.00000  -0.27861   0.39720
348  348   8.00000  16.00000  -0.27861   0.39720
349  349  10.00000  14.00000   0.08087   0.45826
350  350  10.00000  14.00000  -0.03250   0.45377
351  351  12.00000  14.00000   0.39542   0.61067
352  352  12.00000  14.00000   0.56721   0.62186
353  353   9.00000  16.00000  -0.15489   0.39501
354  354  12.00000  14.00000   0.39542   0.61067
355  355   2.00000   5.00000  -0.07603   0.82557
356  356  12.00000  16.00000   0.28634   0.46046
357  357  12.00000  14.00000   0.39542   0.61067
358  358  13.00000  16.00000   0.51999   0.52505
359  359  10.00000  16.00000  -0.02747   0.40309
360  360   8.00000  14.00000  -0.31529   0.43140
361  361  13.00000  16.00000   0.51999   0.52505
362  362   6.00000  15.00000  -0.54074   0.47787
363  363   7.00000  14.00000  -0.46436   0.44414
364  364  10.00000  16.00000  -0.02747   0.40309
365  365   7.00000  16.00000  -0.40952   0.41030
366  366  13.00000  14.00000   1.52786   1.12824
367  367   6.00000  16.00000  -0.56061   0.43733
368  368  11.00000  16.00000   0.11370   0.42347
369  369  10.00000  16.00000  -0.02747   0.40309
370  370   8.00000  15.00000  -0.22804   0.43084
371  371   5.00000  14.00000  -0.87315   0.53434
372  372  10.00000  14.00000   0.08087   0.45826
373  373   8.00000  16.00000  -0.27861   0.39720
374  374  14.00000  15.00000   1.45549   0.85516
375  375  12.00000  14.00000   0.39542   0.61067
376  376  10.00000  14.00000  -0.03250   0.45377
377  377   7.00000  14.00000  -0.34793   0.44110
378  378  13.00000  16.00000   0.51999   0.52505
379  379  14.00000  16.00000   0.86431   0.63445
380  380   8.00000  14.00000  -0.31529   0.43140
381  381  11.00000  14.00000   0.27089   0.50939
382  382   9.00000  14.00000  -0.07041   0.43538
383  383  10.00000  14.00000   0.08087   0.45826
384  384  11.00000  14.00000   0.27089   0.50939
385  385  12.00000  16.00000   0.28634   0.46046
386  386  11.00000  16.00000   0.11370   0.42347
387  387   7.00000  14.00000  -0.46436   0.44414
388  388  11.00000  14.00000   0.13765   0.49941
389  389  10.00000  16.00000  -0.02747   0.40309
390  390   5.00000  14.00000  -0.72471   0.54162
391  391  11.00000  14.00000   0.27089   0.50939
392  392   8.00000  14.00000  -0.20831   0.43029
393  393  13.00000  15.00000   0.92662   0.66718
394  394   6.00000  15.00000  -0.54074   0.47787