1  1   8.00000  13.00000  -0.09051   0.51711
2  2  13.00000  14.00000   1.13726   0.81703
3  3   7.00000  13.00000  -0.29747   0.49533
4  4  11.00000  13.00000   1.28668   0.99279
5  5  12.00000  14.00000   0.62828   0.62396
6  6   7.00000  20.00000  -0.54339   0.45009
7  7   7.00000  12.00000   0.08847   0.54827
8  8   5.00000  14.00000  -0.78113   0.46678
9  9  14.00000  17.00000   1.05425   0.57617
10  10  15.00000  17.00000   1.45522   0.70563
11  11  12.00000  14.00000   0.62828   0.62396
12  12   4.00000  15.00000  -0.88527   0.52046
13  13   6.00000  14.00000  -0.60051   0.44569
14  14   3.00000  17.00000  -1.08987   0.55401
15  15  10.00000  17.00000   0.19817   0.43345
16  16   6.00000  13.00000  -0.49610   0.49349
17  17   4.00000  15.00000  -0.88527   0.52046
18  18   6.00000  17.00000  -0.46111   0.43472
19  19   6.00000  10.00000   0.10964   0.55954
20  20   4.00000  15.00000  -0.88527   0.52046
21  21   2.00000  20.00000  -2.34468   0.83756
22  22   9.00000  17.00000   0.02655   0.42473
23  23  11.00000  17.00000   0.37833   0.44821
24  24  11.00000  13.00000   1.28668   0.99279
25  25   2.00000  13.00000  -1.68855   0.69153
26  26   4.00000  17.00000  -0.83527   0.49193
27  27   7.00000  15.00000  -0.29306   0.46295
28  28   6.00000  13.00000  -0.49610   0.49349
29  29   9.00000  15.00000   0.09793   0.50054
30  30  11.00000  17.00000   0.37833   0.44821
31  31   6.00000  13.00000  -0.49610   0.49349
32  32   9.00000  20.00000  -0.20612   0.43554
33  33  10.00000  13.00000   0.50440   0.67971
34  34  13.00000  14.00000   1.13726   0.81703
35  35   9.00000  15.00000   0.09793   0.50054
36  36   3.00000  12.00000  -0.81665   0.58226
37  37  11.00000  14.00000   0.31553   0.53198
38  38   9.00000  15.00000   0.09793   0.50054
39  39  11.00000  14.00000   0.31553   0.53198
40  40   7.00000  12.00000   0.08847   0.54827
41  41   6.00000  13.00000  -0.49610   0.49349
42  42  17.00000  20.00000   1.95159   0.65735
43  43   6.00000  12.00000  -0.14830   0.51812
44  44   8.00000  14.00000  -0.27272   0.43924
45  45  12.00000  13.00000   3.15394   1.36144
46  46   9.00000  17.00000   0.02655   0.42473
47  47   7.00000  13.00000  -0.29747   0.49533
48  48  11.00000  13.00000   1.28668   0.99279
49  49   7.00000  15.00000  -0.29306   0.46295
50  50   6.00000  17.00000  -0.46111   0.43472
51  51  14.00000  18.00000   1.18541   0.60250
52  52   9.00000  17.00000   0.02655   0.42473
53  53  10.00000  13.00000   0.50440   0.67971
54  54   6.00000  14.00000  -0.60051   0.44569
55  55   3.00000  12.00000  -0.81665   0.58226
56  56   9.00000  17.00000   0.02655   0.42473
57  57   7.00000  13.00000  -0.29747   0.49533
58  58  11.00000  14.00000   0.31553   0.53198
59  59   4.00000  14.00000  -0.99203   0.50517
60  60   8.00000  12.00000   0.40069   0.61291
61  61  10.00000  15.00000   0.35068   0.54965
62  62  13.00000  14.00000   1.13726   0.81703
63  63  10.00000  17.00000   0.19817   0.43345
64  64  12.00000  14.00000   0.62828   0.62396
65  65   3.00000  17.00000  -1.08987   0.55401
66  66   6.00000   7.00000   0.46735   0.75353
67  67  11.00000  15.00000   0.69425   0.63328
68  68  13.00000  14.00000   1.13726   0.81703
69  69  13.00000  14.00000   1.13726   0.81703
70  70   8.00000  13.00000  -0.09051   0.51711
71  71  10.00000  13.00000   0.50440   0.67971
72  72  11.00000  17.00000   0.37833   0.44821
73  73  13.00000  14.00000   1.13726   0.81703
74  74  12.00000  17.00000   0.57054   0.47183
75  75   5.00000  14.00000  -0.78113   0.46678
76  76  12.00000  13.00000   3.15394   1.36144
77  77   6.00000  15.00000  -0.47272   0.46598
78  78  11.00000  14.00000   0.31553   0.53198
79  79  11.00000  12.00000   2.46546   1.31821
80  80  11.00000  15.00000   0.69425   0.63328
81  81   9.00000  14.00000   0.50462   0.60296
82  82  10.00000  15.00000   0.35068   0.54965
83  83   6.00000  14.00000  -0.60051   0.44569
84  84  10.00000  15.00000   0.35068   0.54965
85  85   8.00000  13.00000  -0.09051   0.51711
86  86  12.00000  14.00000   2.06621   0.78533
87  87   7.00000  13.00000  -0.29747   0.49533
88  88   8.00000  13.00000  -0.09051   0.51711
89  89  10.00000  15.00000   0.35068   0.54965
90  90   8.00000  15.00000  -0.10824   0.47366
91  91   7.00000  14.00000  -0.43497   0.43697
92  92  10.00000  15.00000   0.35068   0.54965
93  93  14.00000  17.00000   1.05425   0.57617
94  94   5.00000   7.00000   0.08686   0.61620
95  95  13.00000  20.00000   0.60373   0.50567
96  96  10.00000  14.00000   0.08566   0.48132
97  97  12.00000  20.00000   0.36339   0.47767
98  98  11.00000  15.00000   0.69425   0.63328
99  99  11.00000  15.00000   0.69425   0.63328
100  100  14.00000  15.00000   3.37641   1.23195
101  101   4.00000  13.00000  -0.96251   0.54564
102  102   3.00000   7.00000  -0.40281   0.56198
103  103  10.00000  14.00000   0.08566   0.48132
104  104   9.00000  17.00000   0.02655   0.42473
105  105   1.00000  17.00000  -2.06069   0.87727
106  106   5.00000  17.00000  -0.63502   0.45558
107  107  12.00000  15.00000   1.21441   0.77247
108  108   6.00000  15.00000  -0.47272   0.46598
109  109   5.00000  20.00000  -0.95864   0.51868
110  110   4.00000  20.00000  -1.26425   0.59038
111  111   7.00000  13.00000  -0.29747   0.49533
112  112   6.00000  15.00000  -0.47272   0.46598
113  113  10.00000  15.00000   0.35068   0.54965
114  114  10.00000  13.00000   0.50440   0.67971
115  115   9.00000  14.00000  -0.10339   0.45290
116  116  13.00000  14.00000   1.13726   0.81703
117  117   3.00000  17.00000  -1.08987   0.55401
118  118  11.00000  14.00000   0.31553   0.53198
119  119   5.00000  15.00000  -0.66342   0.48356
120  120  15.00000  17.00000   1.45522   0.70563
121  121  17.00000  17.00000   3.87131   1.74670
122  122   6.00000  17.00000  -0.46111   0.43472
123  123  11.00000  20.00000   0.15315   0.45601
124  124   9.00000  13.00000   0.15451   0.56826
125  125   9.00000  14.00000   0.50462   0.60296
126  126   4.00000  14.00000  -0.99203   0.50517
127  127   9.00000  20.00000  -0.20612   0.43554
128  128   6.00000  20.00000  -0.73160   0.47512
129  129  10.00000  13.00000   0.50440   0.67971
130  130   5.00000  13.00000  -0.70907   0.50948
131  131   6.00000  13.00000  -0.49610   0.49349
132  132   6.00000  12.00000  -0.14830   0.51812
133  133   4.00000  20.00000  -1.26425   0.59038
134  134   5.00000  14.00000  -0.78113   0.46678
135  135   4.00000  14.00000  -0.99203   0.50517
136  136   9.00000  13.00000   0.15451   0.56826
137  137   8.00000  18.00000  -0.28171   0.44787
138  138   3.00000   8.00000  -1.19814   0.74789
139  139   9.00000  20.00000  -0.20612   0.43554
140  140   4.00000  13.00000  -0.96251   0.54564
141  141  13.00000  14.00000   1.13726   0.81703
142  142   3.00000  12.00000  -0.81665   0.58226
143  143   7.00000  14.00000  -0.43497   0.43697
144  144   3.00000  14.00000  -1.26075   0.57156
145  145  10.00000  13.00000   0.50440   0.67971
146  146   4.00000  13.00000  -0.96251   0.54564
147  147   8.00000  13.00000  -0.09051   0.51711
148  148   5.00000  17.00000  -0.63502   0.45558
149  149   2.00000  14.00000  -1.36428   0.73534
150  150   8.00000  13.00000  -0.09051   0.51711
151  151   7.00000  14.00000  -0.43497   0.43697
152  152   6.00000  13.00000  -0.49610   0.49349
153  153   8.00000  14.00000  -0.27272   0.43924
154  154  11.00000  15.00000   0.69425   0.63328
155  155   5.00000  13.00000  -0.70907   0.50948
156  156   9.00000  15.00000   0.09793   0.50054
157  157   9.00000  20.00000  -0.20612   0.43554
158  158   5.00000  14.00000  -0.78113   0.46678
159  159   1.00000   2.00000  -0.16445   1.53734
160  160   8.00000  13.00000  -0.09051   0.51711
161  161   7.00000  14.00000  -0.43497   0.43697
162  162   2.00000  14.00000  -1.64973   0.69259
163  163   8.00000  17.00000  -0.13796   0.42141
164  164   3.00000  13.00000  -1.28540   0.60438
165  165   6.00000  15.00000  -0.47272   0.46598
166  166   4.00000  13.00000  -0.96251   0.54564
167  167  11.00000  17.00000   0.37833   0.44821
168  168  10.00000  15.00000   0.35068   0.54965
169  169   5.00000  13.00000  -0.70907   0.50948
170  170  13.00000  17.00000   0.78641   0.50990
171  171   7.00000  12.00000   0.08847   0.54827
172  172   6.00000  14.00000  -0.26424   0.49392
173  173  10.00000  15.00000   0.35068   0.54965
174  174  10.00000  14.00000   0.08566   0.48132
175  175  11.00000  14.00000   1.54945   0.73818
176  176   9.00000  12.00000   0.57592   0.65903
177  177  11.00000  13.00000   1.28668   0.99279
178  178  14.00000  20.00000   0.88086   0.53927
179  179   8.00000  14.00000  -0.27272   0.43924
180  180   8.00000  13.00000  -0.09051   0.51711
181  181   8.00000  14.00000  -0.27272   0.43924
182  182   6.00000  17.00000  -0.46111   0.43472
183  183   8.00000  15.00000  -0.10824   0.47366
184  184  10.00000  17.00000   0.19817   0.43345
185  185   9.00000  17.00000   0.02655   0.42473
186  186   7.00000  15.00000  -0.29306   0.46295
187  187   6.00000  17.00000  -0.46111   0.43472
188  188   7.00000  15.00000  -0.29306   0.46295
189  189   9.00000  17.00000   0.02655   0.42473
190  190   7.00000  17.00000  -0.29846   0.42425
191  191   8.00000  17.00000  -0.13796   0.42141
192  192  12.00000  15.00000   1.21441   0.77247
193  193  10.00000  15.00000   0.35068   0.54965
194  194  10.00000  15.00000   0.35068   0.54965
195  195  11.00000  15.00000   0.69425   0.63328
196  196   4.00000  17.00000  -0.83527   0.49193
197  197   3.00000  13.00000  -1.28540   0.60438
198  198  12.00000  13.00000   3.15394   1.36144
199  199  12.00000  14.00000   0.62828   0.62396
200  200   3.00000  15.00000  -1.17411   0.58660
201  201   6.00000  14.00000  -0.60051   0.44569
202  202   9.00000  14.00000  -0.10339   0.45290
203  203   8.00000  20.00000  -0.37264   0.43786
204  204   3.00000  20.00000  -1.71179   0.69865
205  205  11.00000  13.00000   1.28668   0.99279
206  206   5.00000  20.00000  -0.95864   0.51868
207  207  10.00000  12.00000   1.58195   0.80410
208  208   2.00000  12.00000  -1.18513   0.70698
209  209  13.00000  13.00000   5.04800   1.96772
210  210   9.00000  14.00000  -0.10339   0.45290
211  211   9.00000  12.00000   0.90045   0.72319
212  212   9.00000  12.00000   0.90045   0.72319
213  213  12.00000  14.00000   0.62828   0.62396
214  214  10.00000  13.00000   0.50440   0.67971
215  215  12.00000  14.00000   0.62828   0.62396
216  216  10.00000  14.00000   0.08566   0.48132
217  217  13.00000  14.00000   1.13726   0.81703
218  218  10.00000  20.00000  -0.03400   0.44183
219  219  14.00000  20.00000   0.88086   0.53927
220  220   7.00000  20.00000  -0.54339   0.45009
221  221  10.00000  13.00000   0.50440   0.67971
222  222  14.00000  20.00000   0.88086   0.53927
223  223  13.00000  14.00000   1.13726   0.81703
224  224  13.00000  17.00000   0.78641   0.50990
225  225   9.00000  17.00000   0.02655   0.42473
226  226   4.00000  14.00000  -0.99203   0.50517
227  227   3.00000  20.00000  -1.71179   0.69865
228  228  12.00000  17.00000   0.57054   0.47183
229  229   3.00000  15.00000  -1.17411   0.58660
230  230   2.00000  14.00000  -1.36428   0.73534
231  231   4.00000  13.00000  -0.96251   0.54564
232  232   6.00000  15.00000  -0.47272   0.46598
233  233  11.00000  14.00000   0.31553   0.53198
234  234  10.00000  14.00000   0.97684   0.68658
235  235   8.00000  14.00000  -0.27272   0.43924
236  236   6.00000  13.00000  -0.49610   0.49349
237  237   7.00000  17.00000  -0.29846   0.42425
238  238   9.00000  20.00000  -0.20612   0.43554
239  239   5.00000  15.00000  -0.66342   0.48356
240  240   1.00000  15.00000  -2.22563   0.90240
241  241  12.00000  17.00000   0.57054   0.47183
242  242   8.00000  14.00000  -0.27272   0.43924
243  243   7.00000  15.00000  -0.29306   0.46295
244  244   6.00000  14.00000  -0.26424   0.49392
245  245   9.00000  17.00000   0.02655   0.42473
246  246   9.00000  15.00000   0.09793   0.50054
247  247   4.00000  13.00000  -0.96251   0.54564
248  248   9.00000  17.00000   0.02655   0.42473
249  249   6.00000  15.00000  -0.47272   0.46598
250  250   5.00000  17.00000  -0.63502   0.45558
251  251  12.00000  14.00000   0.62828   0.62396
252  252   8.00000  14.00000  -0.27272   0.43924
253  253   6.00000  15.00000  -0.47272   0.46598
254  254  11.00000  18.00000   0.29827   0.48647
256  256  11.00000  17.00000   0.37833   0.44821
257  257   5.00000  12.00000  -0.43665   0.49955
258  258  12.00000  15.00000   1.21441   0.77247
259  259   9.00000  17.00000   0.02655   0.42473
260  260   8.00000  14.00000  -0.27272   0.43924
261  261   5.00000  13.00000  -0.70907   0.50948
262  262  13.00000  14.00000   1.13726   0.81703
263  263   6.00000  15.00000  -0.47272   0.46598
264  264   7.00000  20.00000  -0.54339   0.45009
265  265   4.00000  17.00000  -0.83527   0.49193
266  266   8.00000  14.00000   0.18372   0.54106
267  267  14.00000  14.00000   2.33161   1.47061
268  268  14.00000  14.00000   2.33161   1.47061
269  269   7.00000  14.00000  -0.43497   0.43697
270  270  17.00000  17.00000   3.87131   1.74670
271  271  12.00000  15.00000   1.21441   0.77247
272  272   4.00000  15.00000  -0.88527   0.52046
273  273  15.00000  17.00000   1.45522   0.70563
274  274  11.00000  13.00000   1.28668   0.99279
275  275  13.00000  17.00000   0.78641   0.50990
276  276   0.00000  20.00000  -4.60375   1.66949
277  277  12.00000  17.00000   0.57054   0.47183
278  278   4.00000  15.00000  -0.88527   0.52046
279  279   8.00000  14.00000   0.18372   0.54106
280  280   2.00000   8.00000  -0.82980   0.63827
281  281   6.00000  20.00000  -0.73160   0.47512
282  282  10.00000  14.00000   0.08566   0.48132
283  283  11.00000  15.00000   0.69425   0.63328
284  284  10.00000  14.00000   0.97684   0.68658
285  285  10.00000  20.00000  -0.03400   0.44183
286  286   9.00000  20.00000  -0.20612   0.43554
287  287   9.00000  13.00000   0.15451   0.56826
288  288   6.00000  17.00000  -0.46111   0.43472
289  289   4.00000  13.00000  -0.96251   0.54564
290  290  16.00000  17.00000   2.24661   0.99408
291  291   4.00000  13.00000  -0.96251   0.54564
292  292  10.00000  20.00000  -0.03400   0.44183
293  293   2.00000  13.00000  -1.68855   0.69153
294  294  10.00000  14.00000   0.08566   0.48132
295  295   7.00000  15.00000  -0.29306   0.46295
296  296   8.00000  20.00000  -0.37264   0.43786
297  297   7.00000  14.00000  -0.43497   0.43697
298  298   6.00000  13.00000  -0.49610   0.49349
299  299  10.00000  17.00000   0.19817   0.43345
300  300  11.00000  15.00000   0.69425   0.63328
301  301  10.00000  13.00000   0.50440   0.67971
302  302   9.00000  13.00000   0.15451   0.56826
303  303  11.00000  14.00000   0.31553   0.53198
304  304  11.00000  15.00000   0.69425   0.63328
305  305   8.00000  17.00000  -0.13796   0.42141
306  306   7.00000  14.00000  -0.43497   0.43697
307  307   8.00000  15.00000  -0.10824   0.47366
308  308   4.00000  17.00000  -0.83527   0.49193
309  309  11.00000  14.00000   1.54945   0.73818
310  310   4.00000  13.00000  -0.96251   0.54564
311  311   7.00000  13.00000  -0.29747   0.49533
312  312  16.00000  20.00000   1.56481   0.61369
313  313   9.00000  17.00000   0.02655   0.42473
314  314   6.00000  17.00000  -0.46111   0.43472
315  315   8.00000  14.00000   0.18372   0.54106
316  316   0.00000   2.00000  -1.14584   1.81901
317  317   7.00000  13.00000  -0.29747   0.49533
318  318  14.00000  14.00000   2.33161   1.47061
319  319   7.00000  17.00000  -0.29846   0.42425
320  320   4.00000  20.00000  -1.26425   0.59038
321  321   7.00000  13.00000  -0.29747   0.49533
322  322  12.00000  15.00000   1.21441   0.77247
323  323   8.00000  15.00000  -0.10824   0.47366
324  324   6.00000  20.00000  -0.73160   0.47512
325  325   6.00000  14.00000  -0.60051   0.44569
326  326   7.00000  15.00000  -0.29306   0.46295
327  327  11.00000  15.00000   0.69425   0.63328
328  328   8.00000  15.00000  -0.10824   0.47366
329  329   4.00000  17.00000  -0.83527   0.49193
330  330  10.00000  15.00000   0.35068   0.54965
331  331   5.00000  17.00000  -0.63502   0.45558
332  332   3.00000  17.00000  -1.08987   0.55401
333  333   4.00000  17.00000  -0.83527   0.49193
334  334  14.00000  17.00000   1.05425   0.57617
335  335   9.00000  13.00000   0.15451   0.56826
336  336   4.00000  15.00000  -0.88527   0.52046
337  337   3.00000  17.00000  -1.08987   0.55401
338  338   8.00000  17.00000  -0.13796   0.42141
339  339   5.00000  15.00000  -0.66342   0.48356
340  340   5.00000  17.00000  -0.63502   0.45558
341  341   3.00000  17.00000  -1.08987   0.55401
342  342  10.00000  15.00000   0.35068   0.54965
343  343   5.00000  17.00000  -0.63502   0.45558
344  344  13.00000  17.00000   0.78641   0.50990
345  345   9.00000  15.00000   0.09793   0.50054
346  346   9.00000  15.00000   0.09793   0.50054
347  347  11.00000  15.00000   0.69425   0.63328
348  348   4.00000  15.00000  -0.88527   0.52046
349  349  10.00000  12.00000   1.58195   0.80410
350  350   8.00000  17.00000  -0.13796   0.42141
351  351  12.00000  17.00000   0.57054   0.47183
352  352  11.00000  20.00000   0.15315   0.45601
353  353   8.00000  15.00000  -0.10824   0.47366
354  354   8.00000  17.00000  -0.13796   0.42141
355  355   1.00000   3.00000  -0.50771   1.39094
356  356  10.00000  15.00000   0.35068   0.54965
357  357  10.00000  17.00000   0.19817   0.43345
358  358  12.00000  15.00000   1.21441   0.77247
359  359   4.00000  15.00000  -0.88527   0.52046
360  360  13.00000  17.00000   0.78641   0.50990
361  361   6.00000  15.00000  -0.47272   0.46598
362  362   5.00000  13.00000  -0.70907   0.50948
363  363   8.00000  17.00000  -0.13796   0.42141
364  364   7.00000  15.00000  -0.29306   0.46295
365  365   7.00000  15.00000  -0.29306   0.46295
366  366  12.00000  17.00000   0.57054   0.47183
367  367   7.00000  15.00000  -0.29306   0.46295
368  368  11.00000  15.00000   0.69425   0.63328
369  369   4.00000  15.00000  -0.88527   0.52046
370  370  10.00000  13.00000   0.50440   0.67971
371  371   5.00000  17.00000  -0.63502   0.45558
372  372   9.00000  14.00000  -0.10339   0.45290
373  373   7.00000  15.00000  -0.29306   0.46295
374  374   8.00000  13.00000  -0.09051   0.51711
375  375   3.00000  17.00000  -1.08987   0.55401
376  376   9.00000  17.00000   0.02655   0.42473
377  377  11.00000  14.00000   0.31553   0.53198
378  378   3.00000  12.00000  -0.90053   0.57407
379  379  13.00000  15.00000   2.08018   0.98669
380  380   6.00000  17.00000  -0.46111   0.43472
381  381   9.00000  14.00000  -0.10339   0.45290
382  382  11.00000  20.00000   0.15315   0.45601
383  383  13.00000  14.00000   1.13726   0.81703
384  384   4.00000  14.00000  -0.67488   0.52797
385  385   9.00000  15.00000   0.09793   0.50054
386  386   9.00000  15.00000   0.09793   0.50054
387  387   4.00000  17.00000  -0.83527   0.49193
388  388   5.00000  17.00000  -0.63502   0.45558
389  389   9.00000  15.00000   0.09793   0.50054
390  390   7.00000  12.00000   0.08847   0.54827
391  391   7.00000  20.00000  -0.54339   0.45009
392  392  11.00000  14.00000   0.31553   0.53198
393  393  11.00000  13.00000   1.28668   0.99279
394  394  10.00000  13.00000   0.50440   0.67971