  1  1   0.26467   0.22745   0.19221   0.46807  -0.49493   0.02242   0.43373   0.58978
  2  2  -0.03945   1.17759   0.09973   1.13644   1.10094   0.72452   0.46184   0.53490
  3  3   0.79493  -0.23294  -0.57547   0.34566  -0.56358  -0.15787   0.41631   0.62207
  4  4   0.13902   0.32634   0.31225   0.70503   1.02114   0.66868   0.48937   0.47779
  5  5   0.27249   0.59269  -0.01199  -0.15574   0.22174   0.51739   0.44760   0.56314
  6  6  -0.76907  -0.27206  -0.54282  -0.86501  -0.39151  -0.41828   0.37085   0.70011
  7  7  -0.37956   0.73632   0.00875  -0.54453   0.20883   0.13303   0.44200   0.57399
  8  8  -0.53405   0.22149  -0.98859  -0.46388  -0.61389  -0.58702   0.37928   0.68632
  9  9   0.72600   0.89670   1.08203   1.34566   0.64136   0.78361   0.40803   0.63697
  10  10   0.76044   1.06207   1.56621   0.83465   0.83068   0.95295   0.41475   0.62490
  11  11   0.25577   0.86033   0.07905   0.76716   0.90476   0.51739   0.44760   0.56314
  12  12  -0.55565  -0.11457  -0.85973  -0.79885  -0.61078  -0.64465   0.40210   0.64744
  13  13  -1.18720  -1.26191  -0.37862  -0.27047  -0.10713  -0.44633   0.37228   0.69778
  14  14  -0.68304  -0.84665  -1.11473   0.19211  -1.09454  -0.80034   0.40876   0.63565
  15  15   0.17548   0.47401   0.22215  -0.36858   0.46591   0.16816   0.37648   0.69093
  16  16  -0.86270  -0.25194  -0.33885  -0.63422  -0.33070  -0.32631   0.40591   0.64072
  17  17  -0.65807  -0.13212  -0.27589  -1.09816  -0.96661  -0.64465   0.40210   0.64744
  18  18  -0.39300   0.30374  -0.23874   0.27249  -0.37798  -0.36735   0.36250   0.71345
  19  19   0.53041   0.22475   0.17998  -0.47312   0.14238   0.15630   0.44964   0.55914
  20  20  -0.28839  -1.05021  -0.64177  -0.46426  -0.23868  -0.64465   0.40210   0.64744
  21  21  -1.06694  -1.41943  -0.68050  -1.07305  -0.62009  -1.28086   0.47841   0.50092
  22  22   0.28770   0.28825  -0.37484   0.10421  -0.15090   0.02905   0.36962   0.70209
  23  23   0.33956   0.59664   0.73813   0.33325  -0.05482   0.31275   0.38407   0.67834
  24  24   0.10643   1.93795  -0.61078   0.76417   0.84132   0.66868   0.48937   0.47779
  25  25  -0.89072  -1.42549  -0.62703  -0.81950  -0.49673  -1.03709   0.46040   0.53780
  26  26   0.14629  -0.01247  -0.19757  -0.86340  -0.11457  -0.64322   0.38527   0.67633
  27  27  -0.27630  -0.31414  -0.22217   0.40860  -0.63748  -0.18647   0.39267   0.66377
  28  28  -0.23548  -0.30943  -0.29520  -0.32985   0.77978  -0.32631   0.40591   0.64072
  29  29  -0.07791  -0.36811  -0.29959  -0.37338   0.08141   0.14095   0.41861   0.61790
  30  30  -0.27747   1.07058   0.39607   0.21966   0.32110   0.31275   0.38407   0.67834
  31  31  -0.07508  -0.00946  -0.82605  -0.34808  -0.49493  -0.32631   0.40591   0.64072
  32  32  -0.32707  -0.58230   0.69416   0.22181  -0.47636  -0.14446   0.37274   0.69704
  33  33   0.30963  -0.58003  -0.16326   0.64561   1.39809   0.43577   0.47462   0.50879
  34  34   0.65075   0.57332   0.84486   0.06423   0.92931   0.72452   0.46184   0.53490
  35  35  -0.29953  -0.49673  -0.05301   0.58102  -0.07288   0.14095   0.41861   0.61790
  36  36  -1.06023  -0.90131  -0.07534  -1.06694  -1.42350  -0.58985   0.43236   0.59238
  37  37   0.65154   0.46807  -0.47398  -0.09803  -0.65899   0.32464   0.43008   0.59666
  38  38  -0.00379  -0.01199  -0.31845   0.79047   0.12369   0.14095   0.41861   0.61790
  39  39   0.32671   0.29137  -0.07004   0.06428   0.15330   0.32464   0.43008   0.59666
  40  40   0.54654   0.15330   0.47032  -0.47588  -0.97817   0.13303   0.44200   0.57399
  41  41   0.03281   0.02356  -0.35158  -0.41226  -0.23315  -0.32631   0.40591   0.64072
  42  42   1.02383   1.46205   1.48256   1.39045   0.94384   1.13054   0.41006   0.63333
  43  43  -0.31011   0.31324   0.93452  -0.55106  -0.04940  -0.05603   0.42801   0.60053
  44  44  -0.21078   0.28825   0.21119  -0.26341  -0.60271  -0.16566   0.38158   0.68251
  45  45   1.88418   0.57277   0.42921   1.73457   0.77797   0.91218   0.49622   0.46307
  46  46   0.46158  -0.35034   0.07905  -0.15574  -0.13956   0.02905   0.36962   0.70209
  47  47   0.02304  -0.60325  -0.52546   0.73592  -0.06043  -0.15787   0.41631   0.62207
  48  48   0.53671   1.11499   0.13879   0.77797   0.73333   0.66868   0.48937   0.47779
  49  49  -0.23294  -0.35607   0.08869   0.70766   0.07847  -0.18647   0.39267   0.66377
  50  50  -0.39742   0.04313  -0.33718  -0.37798  -0.89453  -0.36735   0.36250   0.71345
  51  51   0.83442   0.81031   0.56771   0.54487   1.03758   0.76629   0.42154   0.61252
  52  52   0.01861  -0.09847   0.01484   0.98704   0.20053   0.02905   0.36962   0.70209
  53  53  -0.04613   0.34566   0.84486   0.46158   0.79531   0.43577   0.47462   0.50879
  54  54  -0.48350  -0.29442  -0.58778   0.15330  -0.70203  -0.44633   0.37228   0.69778
  55  55  -0.38540  -0.21584  -1.20005  -0.58003  -0.25793  -0.58985   0.43236   0.59238
  56  56   0.07733  -0.19826  -0.19505  -0.27061  -0.48547   0.02905   0.36962   0.70209
  57  57   0.65463   0.25817  -0.53819  -0.07975  -0.04940  -0.15787   0.41631   0.62207
  58  58  -0.19709  -0.01882   0.35759  -0.54200   0.62878   0.32464   0.43008   0.59666
  59  59  -0.51103  -0.68900  -0.40260  -1.06526  -0.48532  -0.73630   0.39483   0.66007
  60  60   0.66684   0.31368   0.38640   0.15729   0.77336   0.33495   0.45640   0.54579
  61  61   0.53684   0.42367   0.09922  -0.39231   0.70554   0.32274   0.43400   0.58927
  62  62   0.36027   1.02383   0.70793   0.56985   0.83835   0.72452   0.46184   0.53490
  63  63  -0.09150   0.32566  -0.26302   0.06836  -0.07163   0.16816   0.37648   0.69093
  64  64   0.31225   0.52570   0.53098   1.30609   0.37260   0.51739   0.44760   0.56314
  65  65  -0.86501  -0.53547  -0.93225   0.03252  -0.19373  -0.80034   0.40876   0.63565
  66  66   0.47285   0.97209  -0.28619   0.34566   0.47285   0.41890   0.50243   0.44954
  67  67   0.08869   1.41723   0.84486  -0.05267   0.71170   0.51735   0.44780   0.56273
  68  68   0.34955   0.53784   1.40965   1.03203   0.83586   0.72452   0.46184   0.53490
  69  69   0.65662   0.58829   1.28027   0.61465   0.74086   0.72452   0.46184   0.53490
  70  70   0.08449   0.46493  -0.76907  -0.11159   0.27952   0.02242   0.43373   0.58978
  71  71   0.46158   0.16546   0.63898   0.60213   1.17958   0.43577   0.47462   0.50879
  72  72   0.64173   0.16660   0.39814  -0.04714   0.32219   0.31275   0.38407   0.67834
  73  73   0.56375   0.69626   0.76587   0.17774   0.92912   0.72452   0.46184   0.53490
  74  74   1.29313   0.72054   0.32121  -0.11149   0.48287   0.46333   0.39206   0.66482
  75  75  -1.11301  -0.99318   0.07480  -0.55483  -0.32627  -0.58702   0.37928   0.68632
  76  76   0.60017   1.12318   0.96028   0.71170   0.83068   0.91218   0.49622   0.46307
  77  77  -0.46426  -0.43569  -0.38426   0.21369  -0.82927  -0.33807   0.38722   0.67304
  78  78   0.09287   0.69483   0.48222   1.39809   1.08203   0.32464   0.43008   0.59666
  79  79  -0.07311   1.53374   0.83586   1.34566   0.33567   0.90436   0.48238   0.49259
  80  80  -0.11159   0.09539   0.53684   0.26691   0.70470   0.51735   0.44780   0.56273
  81  81  -0.43665   0.16391   0.91819   0.09922   0.50632   0.38738   0.44687   0.56455
  82  82   1.40816  -0.17763  -0.08453  -0.16439   0.13018   0.32274   0.43400   0.58927
  83  83  -0.54200  -1.22741  -0.35720  -0.57259  -0.49673  -0.44633   0.37228   0.69778
  84  84  -0.11015  -0.05267  -0.49673   0.32566   0.69135   0.32274   0.43400   0.58927
  85  85   0.21891   0.46591  -0.30894   0.05377  -0.59086   0.02242   0.43373   0.58978
  86  86   0.83586   0.93081   1.19236   1.12318   1.11076   1.01030   0.45594   0.54669
  87  87  -0.84665  -0.38722  -0.40708  -0.66991  -0.34574  -0.15787   0.41631   0.62207
  88  88  -0.38767   0.19412  -0.51893   0.61753  -0.22927   0.02242   0.43373   0.58978
  89  89   1.02383   1.07692   0.36553   0.50176   0.32401   0.32274   0.43400   0.58927
  90  90  -0.16326   0.06453  -0.59357  -0.31573  -0.04713  -0.02810   0.40399   0.64410
  91  91  -0.36185  -0.15951  -0.61758   0.20053  -0.50366  -0.30779   0.37343   0.69592
  92  92   0.39607   0.33526  -0.01882  -0.36142  -0.65352   0.32274   0.43400   0.58927
  93  93   0.48348   0.84705  -0.00515   0.62528   0.15584   0.78361   0.40803   0.63697
  94  94  -0.37338   0.19394  -0.48350   0.00294   0.44499   0.17667   0.48132   0.49483
  95  95   0.45081   0.05664  -0.04714   0.46283   0.76625   0.45764   0.40328   0.64536
  96  96   0.18897  -0.30290  -0.15951   0.15840  -0.21004   0.14745   0.41182   0.63018
  97  97  -0.03223   0.41891   0.24955   0.40989  -0.64958   0.29780   0.39606   0.65794
  98  98   0.70287   0.13264   0.68766  -0.26875   0.13315   0.51735   0.44780   0.56273
  99  99  -0.01930   1.47686   0.75475   0.89707   0.33727   0.51735   0.44780   0.56273
  100  100  -0.18539   1.73457   1.00952   0.98170   0.78114   1.14942   0.46391   0.53071
  101  101  -0.57856  -0.90527  -0.00622  -0.49396  -0.53632  -0.65739   0.41486   0.62471
  102  102   0.20487  -0.47619  -0.59150   0.12627  -0.71869  -0.25082   0.44849   0.56139
  103  103   0.53671  -0.33885   0.05506   0.21600   0.07960   0.14745   0.41182   0.63018
  104  104  -0.38024   0.15729   0.63606  -0.07534   0.07480   0.02905   0.36962   0.70209
  105  105  -1.46081  -1.46717  -0.90638  -1.64727  -0.92151  -1.18830   0.47319   0.51176
  106  106   0.36553  -0.83384  -0.14548  -0.69295  -0.29896  -0.50108   0.37006   0.70139
  107  107   1.11029   0.65908   0.58698   0.32219   0.85687   0.72272   0.45772   0.54315
  108  108  -0.39451  -0.06803  -0.54282  -0.42742   0.03252  -0.33807   0.38722   0.67304
  109  109  -0.58715  -0.70222  -1.18151  -0.93225  -0.52258  -0.70872   0.39647   0.65723
  110  110  -0.90418  -0.70741  -0.65363  -0.39742  -1.13740  -0.87532   0.42085   0.61379
  111  111  -0.12463  -0.67186  -0.27047   0.08141  -0.60325  -0.15787   0.41631   0.62207
  112  112   0.05415   0.17993  -0.98048  -0.93097  -0.87848  -0.33807   0.38722   0.67304
  113  113   0.86925  -0.23315   0.67317   0.79047   0.63315   0.32274   0.43400   0.58927
  114  114  -0.87044  -0.38570   0.32566   1.35789   0.19528   0.43577   0.47462   0.50879
  115  115   0.21816   0.13018  -0.33360   0.21639   0.16071  -0.01516   0.39501   0.65976
  116  116   1.26394   0.21600   0.64997   0.35375   0.72461   0.72452   0.46184   0.53490
  117  117  -0.98836  -0.81905  -1.54503  -0.85206  -0.29442  -0.80034   0.40876   0.63565
  118  118   0.35326   0.52837   0.20053  -0.06162   0.90121   0.32464   0.43008   0.59666
  119  119  -0.42187   0.69306  -0.31196  -0.98836  -0.78353  -0.48847   0.38990   0.66851
  120  120   0.95675   1.35789   1.56063   1.06569   1.23498   0.95295   0.41475   0.62490
  121  121   1.50404   1.41042   1.21864   0.31632   1.43027   1.30744   0.42853   0.59956
  122  122  -0.36928  -0.22752  -0.99318   0.01674  -0.16709  -0.36735   0.36250   0.71345
  123  123  -0.13409  -0.29953   0.83583  -0.11129   0.73922   0.14413   0.38785   0.67199
  124  124   0.40659  -0.03498   0.13748   0.09734  -0.06834   0.21963   0.45459   0.54937
  125  125   0.69376   0.84173   0.59456   0.48821  -0.59705   0.38738   0.44687   0.56455
  126  126  -1.14930   0.02327  -0.49193  -0.75570  -1.09795  -0.73630   0.39483   0.66007
  127  127  -0.80647  -0.07545  -1.04524  -0.27589  -1.22415  -0.14446   0.37274   0.69704
  128  128  -0.23315  -1.17608  -0.48992  -0.59407  -0.87848  -0.55862   0.37967   0.68568
  129  129  -0.49673   0.21891   0.43341   0.32634   0.25829   0.43577   0.47462   0.50879
  130  130  -0.37362  -0.76838  -0.98883  -0.48147  -0.52913  -0.49003   0.40507   0.64220
  131  131   0.17548   0.46544  -1.24135  -0.74677  -0.16200  -0.32631   0.40591   0.64072
  132  132   0.31830   0.14848   0.83488   0.03252  -0.00272  -0.05603   0.42801   0.60053
  133  133  -0.52310  -1.13666  -1.06694  -0.98214  -0.30290  -0.87532   0.42085   0.61379
  134  134  -0.37862  -0.65657  -0.62009  -0.61758  -0.87395  -0.58702   0.37928   0.68632
  135  135  -2.46885  -0.38530  -1.13666  -1.14331  -0.85516  -0.73630   0.39483   0.66007
  136  136   0.24389  -0.23511   0.09922   0.78114  -0.01031   0.21963   0.45459   0.54937
  137  137  -0.17538  -0.59654  -0.98898   0.27872  -0.61950  -0.20295   0.37877   0.68717
  138  138  -0.46992  -0.46992  -0.30721  -0.59601   0.23943  -0.47945   0.52451   0.40009
  139  139   0.26598   0.07960  -0.16562  -1.02714  -0.39796  -0.14446   0.37274   0.69704
  140  140  -0.58003  -1.03369  -0.60741  -0.05482   0.23694  -0.65739   0.41486   0.62471
  141  141   0.12018   0.11658   0.97617   0.97617   0.69407   0.72452   0.46184   0.53490
  142  142  -1.15433  -1.06750  -0.28545  -0.47619  -0.78536  -0.58985   0.43236   0.59238
  143  143  -1.14001  -0.55483  -0.32842  -0.80993  -0.63672  -0.30779   0.37343   0.69592
  144  144  -1.00208  -0.00272  -0.54111  -1.41943  -1.31342  -0.90119   0.41842   0.61824
  145  145   1.35119  -0.40334   0.93292   0.77978   0.79184   0.43577   0.47462   0.50879
  146  146  -0.55154   0.32425  -0.79885  -0.76049  -1.20636  -0.65739   0.41486   0.62471
  147  147  -0.38204   0.55607  -0.76294   0.00305   0.65620   0.02242   0.43373   0.58978
  148  148  -0.96531  -0.64958  -0.36186  -0.22528  -0.35628  -0.50108   0.37006   0.70139
  149  149  -1.53957  -1.08935  -0.97817  -1.39286  -0.25176  -0.87033   0.46111   0.53635
  150  150   0.14983   0.70864   0.32121  -0.45223   0.21966   0.02242   0.43373   0.58978
  151  151  -0.30733   0.06880  -0.56330  -0.17113  -0.50375  -0.30779   0.37343   0.69592
  152  152  -0.34706  -0.20154  -0.55106  -0.80739  -0.48350  -0.32631   0.40591   0.64072
  153  153  -0.25654   0.39635   0.14264  -0.73123   0.19374  -0.16566   0.38158   0.68251
  154  154  -0.08871   0.28470   1.05853   0.83586   0.23256   0.51735   0.44780   0.56273
  155  155  -0.00622  -0.60845  -0.98859   0.17174  -0.60845  -0.49003   0.40507   0.64220
  156  156   0.41228  -0.20681  -0.09150   0.07706   0.78704   0.14095   0.41861   0.61790
  157  157  -0.21632  -0.16439  -0.23942   0.16720   0.24147  -0.14446   0.37274   0.69704
  158  158  -0.48547  -0.54598  -0.46183  -0.26247  -0.79885  -0.58702   0.37928   0.68632
  159  159  -0.87848   0.12912  -0.84006  -0.21656   0.66762  -0.02527   0.62150   0.15773
  160  160  -0.05393   0.16528   0.16076  -0.54029  -0.40260   0.02242   0.43373   0.58978
  161  161  -0.47380  -0.26008  -0.83950  -0.34139  -0.22295  -0.30779   0.37343   0.69592
  162  162  -0.54136  -0.74956  -0.84006  -1.56827  -1.88765  -1.08853   0.44766   0.56302
  163  163  -0.40334  -0.37484   0.03252   0.24184   0.45540  -0.10544   0.36412   0.71089
  164  164  -1.53957  -1.02272  -0.92151  -0.83882  -0.46388  -0.83713   0.43443   0.58846
  165  165  -0.51934  -0.16200  -0.20681  -0.47380  -0.98859  -0.33807   0.38722   0.67304
  166  166  -0.55230  -0.21078  -0.33070  -0.97817  -0.61389  -0.65739   0.41486   0.62471
  167  167   0.53041   0.39513   0.08877   1.48294   0.43664   0.31275   0.38407   0.67834
  168  168   0.74274  -0.45083   0.10685   0.28183   0.07905   0.32274   0.43400   0.58927
  169  169  -0.84062  -0.58230  -0.40424  -0.96359  -0.76838  -0.49003   0.40507   0.64220
  170  170   1.11076   1.24581   0.36272   0.46569   1.14131   0.62025   0.40020   0.65076
  171  171  -0.39745  -0.12358   0.61677   0.83106  -0.01370   0.13303   0.44200   0.57399
  172  172   0.02648  -0.37761  -0.52310  -0.46961   0.01861  -0.16262   0.41056   0.63244
  173  173   0.54154   0.16296   0.91091   0.27184  -0.05254   0.32274   0.43400   0.58927
  174  174   0.11658  -0.36737  -0.03993   0.20569   0.90615   0.14745   0.41182   0.63018
  175  175   1.07692   1.00805   0.93335   0.55738   0.88754   0.80082   0.45865   0.54128
  176  176   0.23400  -0.22350   1.39629   0.08877   0.64561   0.45213   0.46453   0.52946
  177  177  -0.16326   0.07480   0.86648   0.55671   0.79184   0.66868   0.48937   0.47779
  178  178   0.28470   0.76699   0.87546  -0.35780   0.30758   0.62265   0.40882   0.63555
  179  179  -0.05393  -0.44007  -0.30100  -0.51615  -0.21619  -0.16566   0.38158   0.68251
  180  180  -0.84062  -0.35418   0.13102  -0.22226   0.15548   0.02242   0.43373   0.58978
  181  181  -0.31239   0.25120  -0.08871  -0.35732  -0.26737  -0.16566   0.38158   0.68251
  182  182  -0.76838  -0.56358  -0.34487  -0.36737   0.01484  -0.36735   0.36250   0.71345
  183  183   0.21119  -0.43556  -0.62703  -0.15951  -0.43715  -0.02810   0.40399   0.64410
  184  184   0.25577   0.19221  -0.21004   0.43709  -0.14819   0.16816   0.37648   0.69093
  185  185   0.24184  -0.37421   0.50765   0.12369  -0.57729   0.02905   0.36962   0.70209
  186  186  -0.05048   0.15201  -0.04714  -0.78074   0.14167  -0.18647   0.39267   0.66377
  187  187  -0.22528  -1.09816  -1.00584  -0.34430  -0.34730  -0.36735   0.36250   0.71345
  188  188   0.12384  -0.53405  -0.65657  -0.36185  -0.56358  -0.18647   0.39267   0.66377
  189  189   0.14238  -0.11159   0.20923  -0.30733  -0.13650   0.02905   0.36962   0.70209
  190  190  -0.33375  -0.42065  -0.40482  -0.40523   0.78131  -0.23674   0.36116   0.71557
  191  191  -0.09150  -0.33982   0.49349  -0.35418  -0.43665  -0.10544   0.36412   0.71089
  192  192   0.83465   0.88754  -0.36142   0.40750   1.84786   0.72272   0.45772   0.54315
  193  193   0.58899   0.37260   0.15571   0.76116   0.06423   0.32274   0.43400   0.58927
  194  194  -0.06799   1.30609   0.10421   0.77106   0.59856   0.32274   0.43400   0.58927
  195  195   0.85687   0.72285   1.19109   0.46493   0.35921   0.51735   0.44780   0.56273
  196  196  -0.47619  -0.82071  -0.93097  -0.71869  -0.53387  -0.64322   0.38527   0.67633
  197  197  -0.94683  -0.47636  -0.98836  -0.74892  -1.11301  -0.83713   0.43443   0.58846
  198  198   1.19592   1.23498   0.99274   0.74274   0.68766   0.91218   0.49622   0.46307
  199  199   0.24857   0.08308   0.07653   1.03203   0.90078   0.51739   0.44760   0.56314
  200  200  -0.30721  -1.12140  -0.58478  -1.75307  -0.98883  -0.81462   0.42386   0.60824
  201  201  -0.29448   0.10056  -0.74827  -0.36081   0.20802  -0.44633   0.37228   0.69778
  202  202  -0.17456   0.26691  -0.40482   0.09734   0.31632  -0.01516   0.39501   0.65976
  203  203   0.18076  -0.26008   0.50176  -0.34774   0.31955  -0.28178   0.36912   0.70290
  204  204  -1.56827  -1.11301  -1.62338  -1.45079  -0.91260  -1.06485   0.45013   0.55818
  205  205   0.39205   0.46544   0.55182   0.41891   0.26500   0.66868   0.48937   0.47779
  206  206  -1.04524  -0.33494  -0.63010  -0.39687  -0.61078  -0.70872   0.39647   0.65723
  207  207  -0.00839   0.48222   1.06088   0.22794   1.16224   0.76978   0.47193   0.51435
  208  208  -0.96531  -1.35123  -1.22415  -0.76822  -0.89453  -0.78798   0.46007   0.53845
  209  209   0.79414   0.50176   1.02114   1.12318   0.35326   1.15924   0.49739   0.46054
  210  210  -0.00379  -0.53387  -0.17779   0.43341   0.40042  -0.01516   0.39501   0.65976
  211  211  -0.19191   1.05853  -0.59150   1.15604  -0.03832   0.54867   0.46731   0.52380
  212  212   1.26394   0.95621   0.20569   0.20678   0.40750   0.54867   0.46731   0.52380
  213  213   0.81381   1.04391   0.55716   1.26903   0.34914   0.51739   0.44760   0.56314
  214  214   0.07960   0.93452   0.27584   0.17674   1.32337   0.43577   0.47462   0.50879
  215  215  -0.22350   0.55499   0.03281   0.49349  -0.09042   0.51739   0.44760   0.56314
  216  216  -0.26341   0.48751   0.21102   0.04508   0.34322   0.14745   0.41182   0.63018
  217  217   1.25732   0.76417   0.62584   0.38014   0.22028   0.72452   0.46184   0.53490
  218  218  -0.21787   0.06880   0.85508  -0.13073   0.13102  -0.00309   0.37961   0.68577
  219  219   0.73592   0.09287   0.14175   1.06088   0.39066   0.62265   0.40882   0.63555
  220  220  -0.90860  -0.11129  -0.49108  -0.55106  -0.32985  -0.41828   0.37085   0.70011
  221  221   0.71170   0.21891  -0.65352   0.41787   0.16720   0.43577   0.47462   0.50879
  222  222   0.73456   0.41433   0.48685   0.70656  -0.19709   0.62265   0.40882   0.63555
  223  223   0.76785   0.35326   1.28301   0.46569  -0.08530   0.72452   0.46184   0.53490
  224  224   0.83583   0.35995  -0.30721   0.81883   0.59856   0.62025   0.40020   0.65076
  225  225   0.02727  -0.70203   0.41054   0.42367  -0.78531   0.02905   0.36962   0.70209
  226  226  -1.26800  -0.65657  -1.14001  -0.59086  -1.13666  -0.73630   0.39483   0.66007
  227  227  -0.82056  -0.97502  -0.98953  -0.94972  -1.20005  -1.06485   0.45013   0.55818
  228  228   0.20923   0.40989   1.84786   0.16997   1.04152   0.46333   0.39206   0.66482
  229  229  -1.03865  -0.81246  -0.96661  -1.24710  -0.14548  -0.81462   0.42386   0.60824
  230  230  -1.69278  -0.81950  -1.09454  -0.87848  -0.90860  -0.87033   0.46111   0.53635
  231  231  -0.78571  -1.34745  -1.29587  -0.61612  -0.38452  -0.65739   0.41486   0.62471
  232  232  -0.08790  -0.83235  -0.76822  -0.27828  -0.19826  -0.33807   0.38722   0.67304
  233  233   0.27249   0.37430   0.05456   0.56376   1.16224   0.32464   0.43008   0.59666
  234  234   0.20685   0.87546   0.98704  -0.19352   0.73532   0.59137   0.45562   0.54734
  235  235  -0.70487  -0.54598  -0.85516  -0.27747   0.49166  -0.16566   0.38158   0.68251
  236  236  -0.04714   0.32019  -0.44022  -0.23548  -0.85340  -0.32631   0.40591   0.64072
  237  237  -0.18815  -0.49673  -0.75225  -0.03338  -0.15574  -0.23674   0.36116   0.71557
  238  238  -0.05697  -0.32842  -0.21404  -0.49506  -0.48406  -0.14446   0.37274   0.69704
  239  239  -0.38596   0.10421  -1.56827  -0.61389  -0.81616  -0.48847   0.38990   0.66851
  240  240  -1.31303  -1.88765  -1.04858  -1.46717  -0.94683  -1.22616   0.48366   0.48990
  241  241  -0.21632  -0.01247  -0.06333   0.83950   0.41986   0.46333   0.39206   0.66482
  242  242   0.18395  -0.53886  -0.57259  -0.25793   0.08308  -0.16566   0.38158   0.68251
  243  243  -0.54200  -0.26667   0.38956  -0.72218  -0.29896  -0.18647   0.39267   0.66377
  244  244   0.40154  -0.31573  -0.81057  -0.59337  -0.29210  -0.16262   0.41056   0.63244
  245  245   0.12358   0.14061  -0.54250   0.19412  -0.10142   0.02905   0.36962   0.70209
  246  246   0.04223  -0.23874   0.57258   0.76411   0.33526   0.14095   0.41861   0.61790
  247  247  -0.56234   0.12048  -0.55483  -0.44813  -0.45429  -0.65739   0.41486   0.62471
  248  248   0.18521   0.11635   0.06487   0.00396  -0.11268   0.02905   0.36962   0.70209
  249  249  -0.38191   0.26598  -0.20781  -0.23874  -0.11149  -0.33807   0.38722   0.67304
  250  250  -0.57856  -0.46426  -0.14005  -0.34915  -0.07004  -0.50108   0.37006   0.70139
  251  251  -0.21794   0.70693  -0.08660   0.09844   0.86700   0.51739   0.44760   0.56314
  252  252  -0.05267  -0.47380  -0.18808  -0.39898   0.00396  -0.16566   0.38158   0.68251
  253  253  -0.27245  -0.60741  -0.10142  -0.20859  -0.03832  -0.33807   0.38722   0.67304
  254  254   0.39027   0.50204   0.47285   0.11635  -0.53901   0.25261   0.40270   0.64638
  255  255   0.63245   0.19374  -0.36482   0.80188   1.71020  -0.00000   0.67720   0.00000
  256  256   0.69536   0.31225   0.08141   0.37940   0.10280   0.31275   0.38407   0.67834
  257  257  -0.69226  -0.38204  -0.55565   0.12834  -1.08571  -0.29919   0.40914   0.63498
  258  258   0.73424   0.10536  -0.01031   0.16528   0.10234   0.72272   0.45772   0.54315
  259  259  -0.40482   0.56771   0.39205  -0.22927   0.22215   0.02905   0.36962   0.70209
  260  260   0.27584  -0.42880  -0.22752  -0.86583  -0.09150  -0.16566   0.38158   0.68251
  261  261  -0.95073  -0.52614  -0.33982  -0.16326  -0.14005  -0.49003   0.40507   0.64220
  262  262   0.72600   0.61912   0.89707   0.83238   0.37128   0.72452   0.46184   0.53490
  263  263  -0.12291   0.07263  -0.33814  -0.59407  -0.68368  -0.33807   0.38722   0.67304
  264  264   0.01862   0.03252  -1.00327  -0.53819  -0.36400  -0.41828   0.37085   0.70011
  265  265  -0.39151  -0.46862  -0.51893  -0.46388  -1.91099  -0.64322   0.38527   0.67633
  266  266  -0.72645   0.49349   0.80735   0.71801   0.52837   0.19301   0.43444   0.58844
  267  267   1.46205   0.76699   0.73558   0.64392   0.49545   0.94252   0.47116   0.51592
  268  268   1.35119   1.11069   1.48256   0.15201   0.40439   0.94252   0.47116   0.51592
  269  269   0.13748  -0.29448  -0.35775  -1.08995  -0.21794  -0.30779   0.37343   0.69592
  270  270   1.14919   1.78684   0.46913   0.73532   1.84786   1.30744   0.42853   0.59956
  271  271   0.89456   0.51922   0.56370   0.76625   0.22878   0.72272   0.45772   0.54315
  272  272  -0.89240  -0.56330  -0.35928  -0.51934  -1.11473  -0.64465   0.40210   0.64744
  273  273   1.32197   1.45860   0.69376   0.98133   0.15316   0.95295   0.41475   0.62490
  274  274   0.10280  -0.03832   0.08141   0.26196   0.97283   0.66868   0.48937   0.47779
  275  275   1.07058   0.11968   0.15958   0.73532   0.89456   0.62025   0.40020   0.65076
  276  276  -2.46885  -2.43387  -1.62338  -1.75836  -1.75836  -1.76369   0.48748   0.48182
  277  277   0.77797   0.79184   0.70793   0.70680   0.17998   0.46333   0.39206   0.66482
  278  278  -0.21611  -0.80993  -0.21611  -0.33016  -0.07369  -0.64465   0.40210   0.64744
  279  279   0.08085  -0.31573   0.54230   0.53041  -0.07790   0.19301   0.43444   0.58844
  280  280  -1.24135  -0.46021  -1.14776  -0.55230  -0.42065  -0.57314   0.45853   0.54153
  281  281  -1.14331  -0.40334  -0.43665  -1.35123  -0.45179  -0.55862   0.37967   0.68568
  282  282  -0.01882   0.65008  -0.39892   0.29349   0.76330   0.14745   0.41182   0.63018
  283  283   0.18521  -0.49193   0.54154   0.37209   0.16611   0.51735   0.44780   0.56273
  284  284   0.46959   1.30923   0.77106   0.80735  -0.07311   0.59137   0.45562   0.54734
  285  285  -0.29210   0.18183   0.39513  -0.02566  -0.17639  -0.00309   0.37961   0.68577
  286  286  -0.63748  -0.46021  -0.78353  -0.56240  -0.25716  -0.14446   0.37274   0.69704
  287  287   0.87026   0.94318   0.32401   0.14848  -0.02994   0.21963   0.45459   0.54937
  288  288  -0.49673  -0.53632  -0.82071   0.37088  -0.27245  -0.36735   0.36250   0.71345
  289  289  -0.44813  -0.81826  -0.69245  -0.52258  -0.58773  -0.65739   0.41486   0.62471
  290  290   1.53374   0.50735   0.70761   1.20668   1.07006   1.12742   0.42065   0.61415
  291  291  -1.18720  -0.62719  -0.54200  -0.38426  -0.59601  -0.65739   0.41486   0.62471
  292  292  -0.34139  -0.46900   0.22028  -0.14005  -0.19373  -0.00309   0.37961   0.68577
  293  293  -1.20005  -0.72677  -0.86340  -1.21561  -1.05745  -1.03709   0.46040   0.53780
  294  294  -0.19296   0.10131   0.13264   0.02327   0.09973   0.14745   0.41182   0.63018
  295  295  -0.44742  -0.38530  -0.42742  -0.34953   0.08869  -0.18647   0.39267   0.66377
  296  296  -0.16200   0.15664  -0.51744  -0.71856  -0.95890  -0.28178   0.36912   0.70290
  297  297  -0.07031  -0.35607  -0.09803  -0.06162  -0.29959  -0.30779   0.37343   0.69592
  298  298   0.10643   0.04565  -0.16090  -0.54453  -0.38282  -0.32631   0.40591   0.64072
  299  299   0.07263   0.26500   0.13264   0.93452   0.56472   0.16816   0.37648   0.69093
  300  300   0.20685   0.09404   0.70693   0.83260   0.25301   0.51735   0.44780   0.56273
  301  301   0.51687   0.27854  -0.36186   0.95465  -0.42481   0.43577   0.47462   0.50879
  302  302   0.59456   0.11351  -0.10142   0.22215   0.65222   0.21963   0.45459   0.54937
  303  303   0.04817  -0.08477   1.06088   0.57166   0.39066   0.32464   0.43008   0.59666
  304  304  -0.52258   0.47909   0.42367   0.44568   0.67691   0.51735   0.44780   0.56273
  305  305   0.42706  -0.46183   0.47032  -0.22372  -0.00272  -0.10544   0.36412   0.71089
  306  306  -0.22009  -0.41426  -0.44007  -0.51744  -0.37362  -0.30779   0.37343   0.69592
  307  307   0.16997   0.70766  -0.00595  -0.30733   0.06142  -0.02810   0.40399   0.64410
  308  308  -0.73123  -0.59601  -1.47856  -0.40334  -0.06333  -0.64322   0.38527   0.67633
  309  309   0.37469   0.96524   0.83465   1.40965   0.44199   0.80082   0.45865   0.54128
  310  310  -1.07072  -0.10046  -0.69295  -0.83482  -0.90131  -0.65739   0.41486   0.62471
  311  311   0.40860   0.14264   0.26923   0.12834  -0.79540  -0.15787   0.41631   0.62207
  312  312   1.48294   1.27079   1.40965   1.68199   0.70793   0.96139   0.41228   0.62936
  313  313   0.32671   0.52570  -0.56972  -0.19352   0.91814   0.02905   0.36962   0.70209
  314  314  -0.47958  -0.88190  -0.37362  -0.76462  -1.14776  -0.36735   0.36250   0.71345
  315  315   0.35480   0.18243   0.19394   0.08099   0.55716   0.19301   0.43444   0.58844
  316  316   0.53296  -0.98214   0.64136   0.71085  -0.20681  -0.32148   0.61951   0.16312
  317  317  -0.13073   0.15664  -0.00031   0.57907  -0.59455  -0.15787   0.41631   0.62207
  318  318   0.73813   1.02114   1.24299   0.81381   0.66837   0.94252   0.47116   0.51592
  319  319   0.24389  -0.58773  -0.27837  -0.78536  -0.60325  -0.23674   0.36116   0.71557
  320  320  -2.03883  -1.18720  -1.75307  -0.87517  -1.20005  -0.87532   0.42085   0.61379
  321  321  -0.39598   0.48596   0.13315  -0.42247   0.07706  -0.15787   0.41631   0.62207
  322  322   0.26923  -0.03223   1.24256   0.90769   0.85051   0.72272   0.45772   0.54315
  323  323   0.08099  -0.53547  -0.05660  -0.59455  -0.07004  -0.02810   0.40399   0.64410
  324  324   0.07263  -0.79850  -0.61176  -0.54133  -0.71869  -0.55862   0.37967   0.68568
  325  325  -0.63672  -0.52913  -0.39327  -0.79885  -0.26302  -0.44633   0.37228   0.69778
  326  326  -0.25155  -0.07389  -0.48824  -0.21078  -0.01539  -0.18647   0.39267   0.66377
  327  327   0.85373   0.23694   0.20487  -0.01370   0.99074   0.51735   0.44780   0.56273
  328  328  -0.35775   0.47934   0.19266   0.17993   0.24300  -0.02810   0.40399   0.64410
  329  329  -0.17183   0.05664  -0.71869  -0.81057  -0.39598  -0.64322   0.38527   0.67633
  330  330   0.59856   0.72121   0.26196   0.72461   0.30444   0.32274   0.43400   0.58927
  331  331  -0.18948  -0.76907  -0.86340  -0.24034  -0.51513  -0.50108   0.37006   0.70139
  332  332  -1.03983  -0.88190  -0.38110  -1.31342  -0.99259  -0.80034   0.40876   0.63565
  333  333  -0.19709  -0.76629  -0.72784  -0.32985  -0.13516  -0.64322   0.38527   0.67633
  334  334   1.60092   0.91901   1.00082   0.94692   1.17558   0.78361   0.40803   0.63697
  335  335  -0.57547  -0.08660   0.19528  -0.39598   0.30234   0.21963   0.45459   0.54937
  336  336  -0.83993  -0.84665  -1.21561  -0.63748  -0.66991  -0.64465   0.40210   0.64744
  337  337  -0.71112  -0.15597  -0.74415  -0.49506  -0.30943  -0.80034   0.40876   0.63565
  338  338  -0.74677   0.67317   0.24706   0.04933   0.14167  -0.10544   0.36412   0.71089
  339  339   0.35445   0.10131  -0.79583  -0.20787  -0.17639  -0.48847   0.38990   0.66851
  340  340  -0.70741  -0.97174  -0.00946  -0.60271  -0.24359  -0.50108   0.37006   0.70139
  341  341  -1.09816  -1.36660  -0.76287  -0.69922  -1.07305  -0.80034   0.40876   0.63565
  342  342   1.50404  -0.22528   0.96022   0.47618   0.05456   0.32274   0.43400   0.58927
  343  343  -0.48824  -0.28482  -0.67166  -1.51640  -0.54133  -0.50108   0.37006   0.70139
  344  344   0.48685   0.43210   0.38640   0.92974   0.60958   0.62025   0.40020   0.65076
  345  345   0.53684   0.10421  -0.30252  -0.11015   0.33526   0.14095   0.41861   0.61790
  346  346   0.23400   0.25577   0.63245   0.03701   0.14167   0.14095   0.41861   0.61790
  347  347   0.37088   0.52570   1.40816  -0.30894   0.59269   0.51735   0.44780   0.56273
  348  348  -0.88544   0.01674  -0.86583  -0.38722   0.13315  -0.64465   0.40210   0.64744
  349  349   0.21278   1.39629   1.25732   0.59856   0.28470   0.76978   0.47193   0.51435
  350  350   0.35375  -0.01301  -0.06803  -0.04498  -0.15529  -0.10544   0.36412   0.71089
  351  351   0.89456   0.27872   0.31324   0.68179   0.15840   0.46333   0.39206   0.66482
  352  352  -0.11129  -0.46992  -0.11457  -0.27837   0.19394   0.14413   0.38785   0.67199
  353  353   0.37128  -0.48390  -0.49396   0.36737   0.17208  -0.02810   0.40399   0.64410
  354  354  -0.39451   0.19221   0.54980   0.14882  -0.29210  -0.10544   0.36412   0.71089
  355  355  -0.39231   1.26903   0.22174  -0.55106  -0.07369  -0.11378   0.60915   0.19087
  356  356  -0.37189  -0.14771  -0.00153   0.63034   0.12048   0.32274   0.43400   0.58927
  357  357   0.08308   0.67608   0.02838  -0.36185  -0.34706   0.16816   0.37648   0.69093
  358  358   0.31064   1.57908   0.46569   0.62584  -0.07545   0.72272   0.45772   0.54315
  359  359  -1.03983  -0.61087  -1.62429  -0.03223  -0.58884  -0.64465   0.40210   0.64744
  360  360   1.06207   0.69483   0.55806   0.50176   0.54654   0.62025   0.40020   0.65076
  361  361  -0.12216  -0.16925  -0.13044  -0.82605  -0.16200  -0.33807   0.38722   0.67304
  362  362  -1.13666  -0.86698  -0.36928  -1.06023  -0.65133  -0.49003   0.40507   0.64220
  363  363   0.64392  -0.01815   0.26661  -0.23548   0.06142  -0.10544   0.36412   0.71089
  364  364   0.41247  -0.03993   0.20678  -0.71856  -0.59578  -0.18647   0.39267   0.66377
  365  365  -0.56669  -0.08095  -0.34574  -0.81246  -0.53886  -0.18647   0.39267   0.66377
  366  366   0.24706  -0.32707   0.49349   0.58899  -0.00211   0.46333   0.39206   0.66482
  367  367  -0.43569  -0.92151  -0.16439  -0.37862   0.06532  -0.18647   0.39267   0.66377
  368  368   0.35381   0.13438   0.37088   0.65299   0.80188   0.51735   0.44780   0.56273
  369  369  -0.81950  -0.16780  -0.88544   0.15980  -0.36142  -0.64465   0.40210   0.64744
  370  370   0.28770   0.46257   0.59456   0.69626   0.44815   0.43577   0.47462   0.50879
  371  371  -0.29959  -0.34484  -0.39609  -0.12358  -1.07072  -0.50108   0.37006   0.70139
  372  372   0.14045  -0.07790  -0.85973   0.05415  -0.29240  -0.01516   0.39501   0.65976
  373  373  -0.61404  -0.98859  -0.46388  -0.38596  -0.96400  -0.18647   0.39267   0.66377
  374  374   0.26196   0.04565   0.44499   0.58222  -0.14627   0.02242   0.43373   0.58978
  375  375  -1.39286  -1.08571  -1.05021  -0.94683  -0.81057  -0.80034   0.40876   0.63565
  376  376  -0.21078   0.25120   0.46283   0.10378   0.00713   0.02905   0.36962   0.70209
  377  377   1.13461  -0.41102   0.90476  -0.09803  -0.38110   0.32464   0.43008   0.59666
  378  378  -0.55547  -0.74956  -0.57945  -1.03329  -0.15697  -0.64104   0.42581   0.60462
  379  379   1.56423   0.94692   1.32337   0.69483   1.88418   0.93479   0.46247   0.53363
  380  380   0.07742  -0.36858   0.46569   0.09585  -0.95160  -0.36735   0.36250   0.71345
  381  381  -0.35720   0.07664  -0.06731  -0.62342  -0.30740  -0.01516   0.39501   0.65976
  382  382   0.44568  -0.30100   0.07664   0.63245   0.29355   0.14413   0.38785   0.67199
  383  383   0.66844   0.72227   1.30609   0.11351   1.34566   0.72452   0.46184   0.53490
  384  384  -0.42742  -0.48532  -0.65807  -0.07903  -0.47858  -0.49566   0.41223   0.62944
  385  385   0.17275   0.62114   0.03701   0.04223   0.34566   0.14095   0.41861   0.61790
  386  386  -0.33718   0.11814   0.42998   0.14413   0.15571   0.14095   0.41861   0.61790
  387  387  -1.05745  -0.85357  -0.68220  -0.37338  -0.82605  -0.64322   0.38527   0.67633
  388  388  -0.58478  -0.77133  -0.44813  -0.57470  -0.68492  -0.50108   0.37006   0.70139
  389  389   0.80735   0.12728  -0.18948  -0.05254  -0.54250   0.14095   0.41861   0.61790
  390  390   0.04817  -0.16780   0.49349  -0.21655  -0.07791   0.13303   0.44200   0.57399
  391  391  -0.43715  -0.70741  -0.47636  -0.69474  -0.17639  -0.41828   0.37085   0.70011
  392  392   0.13315  -0.66504   0.23943   0.14061   0.35469   0.32464   0.43008   0.59666
  393  393   0.08696   1.06569   1.20225   0.15330  -0.01031   0.66868   0.48937   0.47779
  394  394   0.17993   0.27249   0.50742   0.35995   0.86033   0.43577   0.47462   0.50879