1  1   8.00000  13.00000  -0.00871   0.53120
2  2  13.00000  14.00000   1.56660   1.01590
3  3   7.00000  13.00000  -0.26999   0.49705
4  4  11.00000  13.00000   1.71811   1.13463
5  5  12.00000  14.00000   0.86118   0.70620
6  6   7.00000  20.00000  -0.58961   0.45519
7  7   7.00000  12.00000   0.18510   0.56607
8  8   5.00000  14.00000  -0.85223   0.47832
9  9  14.00000  17.00000   1.23259   0.63012
10  10  15.00000  17.00000   1.73943   0.80824
11  11  12.00000  14.00000   0.86118   0.70620
12  12   4.00000  15.00000  -0.99301   0.54326
13  13   6.00000  14.00000  -0.63859   0.44917
14  14   3.00000  17.00000  -1.25273   0.60028
15  15  10.00000  17.00000   0.22674   0.43545
16  16   6.00000  13.00000  -0.51338   0.49412
17  17   4.00000  15.00000  -0.99301   0.54326
18  18   6.00000  17.00000  -0.50089   0.43861
19  19   6.00000  10.00000   0.22070   0.58267
20  20   4.00000  15.00000  -0.99301   0.54326
21  21   2.00000  20.00000  -2.53220   0.87810
22  22   9.00000  17.00000   0.04195   0.42531
23  23  11.00000  17.00000   0.42344   0.45301
24  24  11.00000  13.00000   1.71811   1.13463
25  25   2.00000  13.00000  -1.86815   0.73815
26  26   4.00000  17.00000  -0.94432   0.51650
27  27   7.00000  15.00000  -0.28327   0.46316
28  28   6.00000  13.00000  -0.51338   0.49412
29  29   9.00000  15.00000   0.18168   0.51510
30  30  11.00000  17.00000   0.42344   0.45301
31  31   6.00000  13.00000  -0.51338   0.49412
32  32   9.00000  20.00000  -0.20071   0.43562
33  33  10.00000  13.00000   0.79620   0.79437
34  34  13.00000  14.00000   1.56660   1.01590
35  35   9.00000  15.00000   0.18168   0.51510
36  36   3.00000  12.00000  -0.98672   0.63391
37  37  11.00000  14.00000   0.46085   0.57172
38  38   9.00000  15.00000   0.18168   0.51510
39  39  11.00000  14.00000   0.46085   0.57172
40  40   7.00000  12.00000   0.18510   0.56607
41  41   6.00000  13.00000  -0.51338   0.49412
42  42  17.00000  20.00000   2.04101   0.66998
43  43   6.00000  12.00000  -0.10750   0.52164
44  44   8.00000  14.00000  -0.25194   0.44028
45  45  12.00000  13.00000   3.33521   1.38669
46  46   9.00000  17.00000   0.04195   0.42531
47  47   7.00000  13.00000  -0.26999   0.49705
48  48  11.00000  13.00000   1.71811   1.13463
49  49   7.00000  15.00000  -0.28327   0.46316
50  50   6.00000  17.00000  -0.50089   0.43861
51  51  14.00000  18.00000   1.26266   0.61224
52  52   9.00000  17.00000   0.04195   0.42531
53  53  10.00000  13.00000   0.79620   0.79437
54  54   6.00000  14.00000  -0.63859   0.44917
55  55   3.00000  12.00000  -0.98672   0.63391
56  56   9.00000  17.00000   0.04195   0.42531
57  57   7.00000  13.00000  -0.26999   0.49705
58  58  11.00000  14.00000   0.46085   0.57172
59  59   4.00000  14.00000  -1.10467   0.53069
60  60   8.00000  12.00000   0.55057   0.64802
61  61  10.00000  15.00000   0.47850   0.57911
62  62  13.00000  14.00000   1.56660   1.01590
63  63  10.00000  17.00000   0.22674   0.43545
64  64  12.00000  14.00000   0.86118   0.70620
65  65   3.00000  17.00000  -1.25273   0.60028
66  66   6.00000   7.00000   0.89960   0.97913
67  67  11.00000  15.00000   0.87126   0.68016
68  68  13.00000  14.00000   1.56660   1.01590
69  69  13.00000  14.00000   1.56660   1.01590
70  70   8.00000  13.00000  -0.00871   0.53120
71  71  10.00000  13.00000   0.79620   0.79437
72  72  11.00000  17.00000   0.42344   0.45301
73  73  13.00000  14.00000   1.56660   1.01590
74  74  12.00000  17.00000   0.64121   0.48280
75  75   5.00000  14.00000  -0.85223   0.47832
76  76  12.00000  13.00000   3.33521   1.38669
77  77   6.00000  15.00000  -0.49829   0.46749
78  78  11.00000  14.00000   0.46085   0.57172
79  79  11.00000  12.00000   2.93774   1.45430
80  80  11.00000  15.00000   0.87126   0.68016
81  81   9.00000  14.00000   0.63096   0.62803
82  82  10.00000  15.00000   0.47850   0.57911
83  83   6.00000  14.00000  -0.63859   0.44917
84  84  10.00000  15.00000   0.47850   0.57911
85  85   8.00000  13.00000  -0.00871   0.53120
86  86  12.00000  14.00000   2.18245   0.80409
87  87   7.00000  13.00000  -0.26999   0.49705
88  88   8.00000  13.00000  -0.00871   0.53120
89  89  10.00000  15.00000   0.47850   0.57911
90  90   8.00000  15.00000  -0.06320   0.47834
91  91   7.00000  14.00000  -0.44332   0.43716
92  92  10.00000  15.00000   0.47850   0.57911
93  93  14.00000  17.00000   1.23259   0.63012
94  94   5.00000   7.00000   0.26255   0.67076
95  95  13.00000  20.00000   0.66556   0.51324
96  96  10.00000  14.00000   0.17727   0.49948
97  97  12.00000  20.00000   0.41740   0.48375
98  98  11.00000  15.00000   0.87126   0.68016
99  99  11.00000  15.00000   0.87126   0.68016
100  100  14.00000  15.00000   3.62957   1.28516
101  101   4.00000  13.00000  -1.05561   0.56162
102  102   3.00000   7.00000  -0.43285   0.56392
103  103  10.00000  14.00000   0.17727   0.49948
104  104   9.00000  17.00000   0.04195   0.42531
105  105   1.00000  17.00000  -2.46516   1.04725
106  106   5.00000  17.00000  -0.70457   0.46672
107  107  12.00000  15.00000   1.43755   0.83175
108  108   6.00000  15.00000  -0.49829   0.46749
109  109   5.00000  20.00000  -1.07645   0.54518
110  110   4.00000  20.00000  -1.41865   0.62839
111  111   7.00000  13.00000  -0.26999   0.49705
112  112   6.00000  15.00000  -0.49829   0.46749
113  113  10.00000  15.00000   0.47850   0.57911
114  114  10.00000  13.00000   0.79620   0.79437
115  115   9.00000  14.00000  -0.05082   0.45941
116  116  13.00000  14.00000   1.56660   1.01590
117  117   3.00000  17.00000  -1.25273   0.60028
118  118  11.00000  14.00000   0.46085   0.57172
119  119   5.00000  15.00000  -0.72702   0.49253
120  120  15.00000  17.00000   1.73943   0.80824
121  121  16.70000  17.00000   4.13693   1.93601
122  122   6.00000  17.00000  -0.50089   0.43861
123  123  11.00000  20.00000   0.19517   0.46000
124  124   9.00000  13.00000   0.31367   0.61388
125  125   9.00000  14.00000   0.63096   0.62803
126  126   4.00000  14.00000  -1.10467   0.53069
127  127   9.00000  20.00000  -0.20071   0.43562
128  128   6.00000  20.00000  -0.81101   0.48892
129  129  10.00000  13.00000   0.79620   0.79437
130  130   5.00000  13.00000  -0.76677   0.51652
131  131   6.00000  13.00000  -0.51338   0.49412
132  132   6.00000  12.00000  -0.10750   0.52164
133  133   4.00000  20.00000  -1.41865   0.62839
134  134   5.00000  14.00000  -0.85223   0.47832
135  135   4.00000  14.00000  -1.10467   0.53069
136  136   9.00000  13.00000   0.31367   0.61388
137  137   8.00000  18.00000  -0.28650   0.44793
138  138   3.00000   8.00000  -1.18091   0.74831
139  139   9.00000  20.00000  -0.20071   0.43562
140  140   4.00000  13.00000  -1.05561   0.56162
141  141  13.00000  14.00000   1.56660   1.01590
142  142   3.00000  12.00000  -0.98672   0.63391
143  143   7.00000  14.00000  -0.44332   0.43716
144  144   3.00000  14.00000  -1.43263   0.62185
145  145  10.00000  13.00000   0.79620   0.79437
146  146   4.00000  13.00000  -1.05561   0.56162
147  147   8.00000  13.00000  -0.00871   0.53120
148  148   5.00000  17.00000  -0.70457   0.46672
149  149   2.00000  14.00000  -1.68129   0.85406
150  150   8.00000  13.00000  -0.00871   0.53120
151  151   7.00000  14.00000  -0.44332   0.43716
152  152   6.00000  13.00000  -0.51338   0.49412
153  153   8.00000  14.00000  -0.25194   0.44028
154  154  11.00000  15.00000   0.87126   0.68016
155  155   5.00000  13.00000  -0.76677   0.51652
156  156   9.00000  15.00000   0.18168   0.51510
157  157   9.00000  20.00000  -0.20071   0.43562
158  158   5.00000  14.00000  -0.85223   0.47832
159  159   1.00000   2.00000  -0.16462   1.53734
160  160   8.00000  13.00000  -0.00871   0.53120
161  161   7.00000  14.00000  -0.44332   0.43716
162  162   2.00000  14.00000  -1.92030   0.78992
163  163   8.00000  17.00000  -0.13683   0.42141
164  164   3.00000  13.00000  -1.40782   0.62881
165  165   6.00000  15.00000  -0.49829   0.46749
166  166   4.00000  13.00000  -1.05561   0.56162
167  167  11.00000  17.00000   0.42344   0.45301
168  168  10.00000  15.00000   0.47850   0.57911
169  169   5.00000  13.00000  -0.76677   0.51652
170  170  13.00000  17.00000   0.89791   0.53509
171  171   7.00000  12.00000   0.18510   0.56607
172  172   6.00000  14.00000  -0.25571   0.49408
173  173  10.00000  15.00000   0.47850   0.57911
174  174  10.00000  14.00000   0.17727   0.49948
175  175  11.00000  14.00000   1.59551   0.74105
176  176   9.00000  12.00000   0.79321   0.72692
177  177  11.00000  13.00000   1.71811   1.13463
178  178  14.00000  20.00000   0.94642   0.54710
179  179   8.00000  14.00000  -0.25194   0.44028
180  180   8.00000  13.00000  -0.00871   0.53120
181  181   8.00000  14.00000  -0.25194   0.44028
182  182   6.00000  17.00000  -0.50089   0.43861
183  183   8.00000  15.00000  -0.06320   0.47834
184  184  10.00000  17.00000   0.22674   0.43545
185  185   9.00000  17.00000   0.04195   0.42531
186  186   7.00000  15.00000  -0.28327   0.46316
187  187   6.00000  17.00000  -0.50089   0.43861
188  188   7.00000  15.00000  -0.28327   0.46316
189  189   9.00000  17.00000   0.04195   0.42531
190  190   7.00000  17.00000  -0.31530   0.42494
191  191   8.00000  17.00000  -0.13683   0.42141
192  192  12.00000  15.00000   1.43755   0.83175
193  193  10.00000  15.00000   0.47850   0.57911
194  194  10.00000  15.00000   0.47850   0.57911
195  195  11.00000  15.00000   0.87126   0.68016
196  196   4.00000  17.00000  -0.94432   0.51650
197  197   3.00000  13.00000  -1.40782   0.62881
198  198  12.00000  13.00000   3.33521   1.38669
199  199  12.00000  14.00000   0.86118   0.70620
200  200   3.00000  15.00000  -1.33272   0.62807
201  201   6.00000  14.00000  -0.63859   0.44917
202  202   9.00000  14.00000  -0.05082   0.45941
203  203   8.00000  20.00000  -0.39095   0.43870
204  204   3.00000  20.00000  -1.88362   0.73796
205  205  11.00000  13.00000   1.71811   1.13463
206  206   5.00000  20.00000  -1.07645   0.54518
207  207  10.00000  12.00000   1.64967   0.80989
208  208   2.00000  12.00000  -1.51631   0.84386
209  209  12.70000  13.00000   5.12104   2.01454
210  210   9.00000  14.00000  -0.05082   0.45941
211  211   9.00000  12.00000   1.03917   0.74680
212  212   9.00000  12.00000   1.03917   0.74680
213  213  12.00000  14.00000   0.86118   0.70620
214  214  10.00000  13.00000   0.79620   0.79437
215  215  12.00000  14.00000   0.86118   0.70620
216  216  10.00000  14.00000   0.17727   0.49948
217  217  13.00000  14.00000   1.56660   1.01590
218  218  10.00000  20.00000  -0.00827   0.44337
219  219  14.00000  20.00000   0.94642   0.54710
220  220   7.00000  20.00000  -0.58961   0.45519
221  221  10.00000  13.00000   0.79620   0.79437
222  222  14.00000  20.00000   0.94642   0.54710
223  223  13.00000  14.00000   1.56660   1.01590
224  224  13.00000  17.00000   0.89791   0.53509
225  225   9.00000  17.00000   0.04195   0.42531
226  226   4.00000  14.00000  -1.10467   0.53069
227  227   3.00000  20.00000  -1.88362   0.73796
228  228  12.00000  17.00000   0.64121   0.48280
229  229   3.00000  15.00000  -1.33272   0.62807
230  230   2.00000  14.00000  -1.68129   0.85406
231  231   4.00000  13.00000  -1.05561   0.56162
232  232   6.00000  15.00000  -0.49829   0.46749
233  233  11.00000  14.00000   0.46085   0.57172
234  234  10.00000  14.00000   1.07376   0.69908
235  235   8.00000  14.00000  -0.25194   0.44028
236  236   6.00000  13.00000  -0.51338   0.49412
237  237   7.00000  17.00000  -0.31530   0.42494
238  238   9.00000  20.00000  -0.20071   0.43562
239  239   5.00000  15.00000  -0.72702   0.49253
240  240   1.00000  15.00000  -2.60224   1.05146
241  241  12.00000  17.00000   0.64121   0.48280
242  242   8.00000  14.00000  -0.25194   0.44028
243  243   7.00000  15.00000  -0.28327   0.46316
244  244   6.00000  14.00000  -0.25571   0.49408
245  245   9.00000  17.00000   0.04195   0.42531
246  246   9.00000  15.00000   0.18168   0.51510
247  247   4.00000  13.00000  -1.05561   0.56162
248  248   9.00000  17.00000   0.04195   0.42531
249  249   6.00000  15.00000  -0.49829   0.46749
250  250   5.00000  17.00000  -0.70457   0.46672
251  251  12.00000  14.00000   0.86118   0.70620
252  252   8.00000  14.00000  -0.25194   0.44028
253  253   6.00000  15.00000  -0.49829   0.46749
254  254  11.00000  18.00000   0.35623   0.49341
256  256  11.00000  17.00000   0.42344   0.45301
257  257   5.00000  12.00000  -0.46365   0.50113
258  258  12.00000  15.00000   1.43755   0.83175
259  259   9.00000  17.00000   0.04195   0.42531
260  260   8.00000  14.00000  -0.25194   0.44028
261  261   5.00000  13.00000  -0.76677   0.51652
262  262  13.00000  14.00000   1.56660   1.01590
263  263   6.00000  15.00000  -0.49829   0.46749
264  264   7.00000  20.00000  -0.58961   0.45519
265  265   4.00000  17.00000  -0.94432   0.51650
266  266   8.00000  14.00000   0.28032   0.55856
267  267  13.70000  14.00000   2.81005   1.84875
268  268  13.70000  14.00000   2.81005   1.84875
269  269   7.00000  14.00000  -0.44332   0.43716
270  270  16.70000  17.00000   4.13693   1.93601
271  271  12.00000  15.00000   1.43755   0.83175
272  272   4.00000  15.00000  -0.99301   0.54326
273  273  15.00000  17.00000   1.73943   0.80824
274  274  11.00000  13.00000   1.71811   1.13463
275  275  13.00000  17.00000   0.89791   0.53509
276  276   0.30000  20.00000  -4.92103   1.90284
277  277  12.00000  17.00000   0.64121   0.48280
278  278   4.00000  15.00000  -0.99301   0.54326
279  279   8.00000  14.00000   0.28032   0.55856
280  280   2.00000   8.00000  -1.04929   0.71766
281  281   6.00000  20.00000  -0.81101   0.48892
282  282  10.00000  14.00000   0.17727   0.49948
283  283  11.00000  15.00000   0.87126   0.68016
284  284  10.00000  14.00000   1.07376   0.69908
285  285  10.00000  20.00000  -0.00827   0.44337
286  286   9.00000  20.00000  -0.20071   0.43562
287  287   9.00000  13.00000   0.31367   0.61388
288  288   6.00000  17.00000  -0.50089   0.43861
289  289   4.00000  13.00000  -1.05561   0.56162
290  290  16.00000  17.00000   2.66845   1.15172
291  291   4.00000  13.00000  -1.05561   0.56162
292  292  10.00000  20.00000  -0.00827   0.44337
293  293   2.00000  13.00000  -1.86815   0.73815
294  294  10.00000  14.00000   0.17727   0.49948
295  295   7.00000  15.00000  -0.28327   0.46316
296  296   8.00000  20.00000  -0.39095   0.43870
297  297   7.00000  14.00000  -0.44332   0.43716
298  298   6.00000  13.00000  -0.51338   0.49412
299  299  10.00000  17.00000   0.22674   0.43545
300  300  11.00000  15.00000   0.87126   0.68016
301  301  10.00000  13.00000   0.79620   0.79437
302  302   9.00000  13.00000   0.31367   0.61388
303  303  11.00000  14.00000   0.46085   0.57172
304  304  11.00000  15.00000   0.87126   0.68016
305  305   8.00000  17.00000  -0.13683   0.42141
306  306   7.00000  14.00000  -0.44332   0.43716
307  307   8.00000  15.00000  -0.06320   0.47834
308  308   4.00000  17.00000  -0.94432   0.51650
309  309  11.00000  14.00000   1.59551   0.74105
310  310   4.00000  13.00000  -1.05561   0.56162
311  311   7.00000  13.00000  -0.26999   0.49705
312  312  16.00000  20.00000   1.62756   0.62010
313  313   9.00000  17.00000   0.04195   0.42531
314  314   6.00000  17.00000  -0.50089   0.43861
315  315   8.00000  14.00000   0.28032   0.55856
316  316   0.30000   2.00000  -1.32661   1.94301
317  317   7.00000  13.00000  -0.26999   0.49705
318  318  13.70000  14.00000   2.81005   1.84875
319  319   7.00000  17.00000  -0.31530   0.42494
320  320   4.00000  20.00000  -1.41865   0.62839
321  321   7.00000  13.00000  -0.26999   0.49705
322  322  12.00000  15.00000   1.43755   0.83175
323  323   8.00000  15.00000  -0.06320   0.47834
324  324   6.00000  20.00000  -0.81101   0.48892
325  325   6.00000  14.00000  -0.63859   0.44917
326  326   7.00000  15.00000  -0.28327   0.46316
327  327  11.00000  15.00000   0.87126   0.68016
328  328   8.00000  15.00000  -0.06320   0.47834
329  329   4.00000  17.00000  -0.94432   0.51650
330  330  10.00000  15.00000   0.47850   0.57911
331  331   5.00000  17.00000  -0.70457   0.46672
332  332   3.00000  17.00000  -1.25273   0.60028
333  333   4.00000  17.00000  -0.94432   0.51650
334  334  14.00000  17.00000   1.23259   0.63012
335  335   9.00000  13.00000   0.31367   0.61388
336  336   4.00000  15.00000  -0.99301   0.54326
337  337   3.00000  17.00000  -1.25273   0.60028
338  338   8.00000  17.00000  -0.13683   0.42141
339  339   5.00000  15.00000  -0.72702   0.49253
340  340   5.00000  17.00000  -0.70457   0.46672
341  341   3.00000  17.00000  -1.25273   0.60028
342  342  10.00000  15.00000   0.47850   0.57911
343  343   5.00000  17.00000  -0.70457   0.46672
344  344  13.00000  17.00000   0.89791   0.53509
345  345   9.00000  15.00000   0.18168   0.51510
346  346   9.00000  15.00000   0.18168   0.51510
347  347  11.00000  15.00000   0.87126   0.68016
348  348   4.00000  15.00000  -0.99301   0.54326
349  349  10.00000  12.00000   1.64967   0.80989
350  350   8.00000  17.00000  -0.13683   0.42141
351  351  12.00000  17.00000   0.64121   0.48280
352  352  11.00000  20.00000   0.19517   0.46000
353  353   8.00000  15.00000  -0.06320   0.47834
354  354   8.00000  17.00000  -0.13683   0.42141
355  355   1.00000   3.00000  -0.59434   1.39715
356  356  10.00000  15.00000   0.47850   0.57911
357  357  10.00000  17.00000   0.22674   0.43545
358  358  12.00000  15.00000   1.43755   0.83175
359  359   4.00000  15.00000  -0.99301   0.54326
360  360  13.00000  17.00000   0.89791   0.53509
361  361   6.00000  15.00000  -0.49829   0.46749
362  362   5.00000  13.00000  -0.76677   0.51652
363  363   8.00000  17.00000  -0.13683   0.42141
364  364   7.00000  15.00000  -0.28327   0.46316
365  365   7.00000  15.00000  -0.28327   0.46316
366  366  12.00000  17.00000   0.64121   0.48280
367  367   7.00000  15.00000  -0.28327   0.46316
368  368  11.00000  15.00000   0.87126   0.68016
369  369   4.00000  15.00000  -0.99301   0.54326
370  370  10.00000  13.00000   0.79620   0.79437
371  371   5.00000  17.00000  -0.70457   0.46672
372  372   9.00000  14.00000  -0.05082   0.45941
373  373   7.00000  15.00000  -0.28327   0.46316
374  374   8.00000  13.00000  -0.00871   0.53120
375  375   3.00000  17.00000  -1.25273   0.60028
376  376   9.00000  17.00000   0.04195   0.42531
377  377  11.00000  14.00000   0.46085   0.57172
378  378   3.00000  12.00000  -1.05692   0.61736
379  379  13.00000  15.00000   2.30572   1.03391
380  380   6.00000  17.00000  -0.50089   0.43861
381  381   9.00000  14.00000  -0.05082   0.45941
382  382  11.00000  20.00000   0.19517   0.46000
383  383  13.00000  14.00000   1.56660   1.01590
384  384   4.00000  14.00000  -0.77501   0.54837
385  385   9.00000  15.00000   0.18168   0.51510
386  386   9.00000  15.00000   0.18168   0.51510
387  387   4.00000  17.00000  -0.94432   0.51650
388  388   5.00000  17.00000  -0.70457   0.46672
389  389   9.00000  15.00000   0.18168   0.51510
390  390   7.00000  12.00000   0.18510   0.56607
391  391   7.00000  20.00000  -0.58961   0.45519
392  392  11.00000  14.00000   0.46085   0.57172
393  393  11.00000  13.00000   1.71811   1.13463
394  394  10.00000  13.00000   0.79620   0.79437